344572667627327574872986520507
374446690081577726518750680131
2015638500984252513380255580199
2803016870163537170844910120589
801354636919526323408669959133
875078015194165779807004996891
2945551046056896373232621994521
342009136322315980094889308153
1204053537389703721541732260277
54532674247289454314563008683
4442502401588849632243368606511
88008953914041855699205104599
86892104384358621580698011597
279987870740665381618843285073
1441006610206833289007830556447
310006596248373369847685371499
412950519942098514204399552799
1303470844272911466854652379811
365986541659725380455392101587
3261434502421303279323564402143
880256638333804972652092375741
5087308846537040504749735052677
59824481984506504151410133849
345643290359673252210751286509
240719707794161389931571470417
2382108426543348401296729081237
329814218084908451102237952889
1375719758603974834448145016229
1255621015589767357963616484373
4503580535302153411490266610041
1627040944314653910634318496023
3576943277408979005059757821217
3260730192713051360762140398937
2982927654040643617168221295807
274367968163392106602848256127
1759704387935284899984083501633
50521984138040381699131985921
2887972237802982718212271315873
2787714501387687333564375076367
73251552185971008095619995381
2143329688117157614570671479917
3485198031263125658050790686801
770558893884724598529533674937
1577271624417732056618338337651
502535245393651877650828332721
309990562161532629109378549703
243513455644316518701642102143
1201742566949757754899862890233
507209718350630004049694027123
469066560453237099419615679323
3603193717203092917877506797763
405421750182999546086416639213
537403628975761650764156954993
309945939017081359552445591591
2117319396463620915099437881223
1122198810262474384600312231187
1644674509297606959628451803057
75404363540366760439727901499
73807430560852047360352292987
1764776284484729897892738967891
2425742060723730952266324124559
235776045139618218610341863683
72399694682825837946927975157
82226843075939372862059256271
576465851348833980669060214423
1309320295521959979486637519751
388073116243299719049697041059
106171883841886625367977923841
75332357154462380976079586039
73764210312306688035707750563
406701666106963162281904899119
224251103908338188528711756183
3991181910811876034905559121593
73928320426901978411951089411
69736417863105965026610220973