10002200057
10006200817
10009202107
10010602793
10012603933
10017207107
10021211227
10023814061
10028019479
10030423103
10032225857
10035230927
10037234587
10038236477
10040039951
10042044091
10045050481
10050463279
10053872357
10055075609
10057081189
10058886427
10061092961
10064704229
10067714219
10070122451
10071928877
10072531043
10074337577
10077148189
10078553663
10079758379
10081565633
10082971387
10086586399
10090805173
10093015271
10095426527
10097838119
10099646993
10101456011
10103064187
10103868323
10104471437
10106280851
10108693739
10109900303
10111106891
10115330369
10120359919
10122573317
10123780673
10127403029
10132234181
10134650237
10137066389
10139684407
10140691397
10144115299
10147943153
10149353527
10152174443
10156205203
10159228813
10160639999
10161849611
10164067453
10165882267
10168302163
10170722491
10176773671
10182828091
10184846351
10186663037
10187672347
10188883591
10190902451
10194738817
10197768247
10199586013
10201807991
10204030189
10205848567
10208879377
10212517213
10215549103
10218177209
10220805523
10223029877
10223636543
10224243221
10224849923
10227276779
10230311009
10232131691
10233345599
10234761853
10236987659
10239416051
10241439991
