1000036000099
1000070001221
1000076001443
1000120003159
1000180008019
1000216011583
1000238014157
1000254016093
1000284020083
1000310024009
1000330027189
1000354031293
1000370034221
1000380036091
1000392038407
1000410041989
1000424044943
1000444049203
1000480057519
1000502062997
1000526069069
1000562078897
1000580084099
1000594088173
1000616094839
1000646104229
1000690118881
1000724131019
1000748139827
1000774149733
1000790156021
1000800159991
1000812164827
1000832173007
1000850180621
1000856183183
1000882194337
1000910207021
1000964231699
1001044272259
1001078290517
1001088295927
1001124315619
1001156334083
1001168341031
1001198358701
1001228376971
1001240384399
1001260396819
1001290415989
1001318434217
1001336446223
1001348454251
1001370469189
1001388481627
1001418502537
1001444521283
1001486551649
1001540592851
1001570616161
1001622657397
1001676702163
1001696719103
1001708729291
1001720739599
1001750765429
1001796806323
1001826833533
1001840846399
1001852857451
1001900902139
1001942942837
1001954954513
1001980980019
1002003001997
1002021020051
1002041040391
1002051050621
1002069069107
1002111112829
1002151155589
1002169175047
1002177183743
1002183190277
1002201209951
1002231243161
1002277294819
1002313336327
1002333359507
1002351380621
1002369401807
1002389425627
1002417459143
1002457507903
1002505567279
1002547620493
1002571651189
1002595682173
1002615708233
1002633731831
