100000980001501
100001820008137
100002240012463
100002600016819
100002800019599
100003100023829
100003580031941
100004120042147
100004520051067
100004760056563
100005000062491
100005140066033
100005320070731
100005740082113
100006420102717
100006880118311
100007060124593
100007200129591
100007420137577
100008180166381
100008900197989
100009040204303
100009100207021
100009380219817
100009920245791
100010480274407
100011200313071
100011740344553
100012000359919
100012520391587
100012940418593
100013080427707
100013240438219
100013540458229
100013780474717
100014120498211
100014440521283
100014560529959
100014740543153
100014880553527
100015060566973
100015220579117
100015320586747
100015580606741
100015880630411
100016120649587
100016320665847
100016500680589
100016800705519
100017160736083
100017380755157
100017440760383
100017500765621
100017680781407
100018220829521
100018740877933
100019040906223
100019280929287
100019540954429
100019800980091
100020021001937
100020621062477
100021341138293
100021741181533
100022001209951
100022261238733
100023221346157
100024101452021
100024161459263
100024221466517
100024341481073
100024481498167
100024581510437
100024681522747
100024981559857
100025301600209
100025501625589
100025921679391
100026581765917
100027041827879
100027201849591
100027621906837
100028001959999
100028201988019
100028602044779
100028842079363
100029042108223
100029342152053
100029562184459
100029842225983
100030222283021
100030522328651
100030642347023
100031002402211
100031362458623
100031562490003
100031902543961
100032202592051
100032762682603
100033462798733
