10000004400000259
10000007600001443
10000008800001911
10000012200003577
10000015400005913
10000020400009963
10000025000015621
10000032000024511
10000040600041109
10000043000046221
10000044000048391
10000045400051513
10000046800054747
10000049600061383
10000052600069153
10000054600074493
10000063600099603
10000073600135303
10000077200148947
10000079200156807
10000082000167979
10000085000180609
10000089200198627
10000093200217147
10000094000220899
10000096400232203
10000103400266713
10000108400293763
10000110400304623
10000112800318087
10000114400327159
10000118600351393
10000123600381843
10000127000403161
10000129400418593
10000131200430311
10000133000442209
10000134200450237
10000136000462351
10000140400492579
10000143800516957
10000151400571753
10000159200633607
10000160000639999
10000163800670437
10000167800703917
10000169400717373
10000174400760023
10000181200820611
10000185800862977
10000187600879843
10000190200904257
10000193200933147
10000199800997101
10000208201083537
10000211201115127
10000214001144779
10000216801175047
10000219401203309
10000222601238733
10000225001265589
10000227801297257
10000230601329373
10000233601364143
10000236001392391
10000238601423149
10000241001452021
10000242601471333
10000244601495713
10000253001598781
10000263201731687
10000266201771557
10000268001795551
10000270401827879
10000275601898443
10000283002001969
10000288002073519
10000291602125683
10000297402210769
10000304002310231
10000307002356221
10000310602411553
10000315002480589
10000317202515371
10000320202563101
10000323402614653
10000327402679573
10000330402729103
10000334002788611
10000337602849343
10000340802903391
10000348003027159
10000352803111687
10000354403139959
10000356803182607
10000359203225591
10000361003258009
10000362203279717
10000363203297847
10000364003312399
