1000000016000000063
1000000030000000189
1000000054000000693
1000000120000002871
1000000180000008091
1000000190000009021
1000000200000009991
1000000226000012669
1000000304000022263
1000000388000037467
1000000430000046161
1000000464000053743
1000000512000065311
1000000560000078319
1000000586000085833
1000000618000095337
1000000670000112029
1000000712000126687
1000000766000146289
1000000812000164827
1000000820000168099
1000000838000175497
1000000860000184891
1000000872000190087
1000000886000196233
1000000900000202491
1000000912000207927
1000000942000221697
1000000996000247779
1000001044000272403
1000001110000307449
1000001186000351453
1000001220000372091
1000001250000390481
1000001300000422331
1000001374000471393
1000001464000535383
1000001540000592611
1000001588000630387
1000001630000664029
1000001690000713769
1000001732000749931
1000001762000776061
1000001792000802791
1000001820000828019
1000001850000855589
1000001864000868623
1000001926000926469
1000002004001003923
1000002032001032231
1000002074001075113
1000002140001144611
1000002186001194613
1000002236001249563
1000002298001320057
1000002364001396683
1000002416001459239
1000002450001500481
1000002500001562331
1000002532001602747
1000002542001615437
1000002552001628167
1000002590001676769
1000002640001742319
1000002662001771557
1000002684001800883
1000002722001852221
1000002764001909803
1000002806001968309
1000002860002044611
1000002896002096703
1000002940002160459
1000002992002237991
1000003032002298031
1000003068002353147
1000003076002365443
1000003120002433159
1000003198002556477
1000003238002621157
1000003254002647093
1000003280002689551
1000003310002738961
1000003340002788851
1000003376002849223
1000003458002988541
1000003532003118707
1000003562003171897
1000003580003204099
1000003592003225591
1000003604003247203
1000003622003279657
1000003676003377883
1000003744003504159
1000003804003617379
1000003844003694059
1000003884003771139
1000003920003841591
1000003932003865147
1000004012004022667
1000004132004267827
