100000000520000000627
100000000940000002013
100000001300000004209
100000001660000006693
100000002000000009991
100000002240000012463
100000002620000017061
100000002880000020727
100000003540000030429
100000004660000053613
100000005360000071743
100000005560000077283
100000005980000089001
100000006620000109417
100000007340000134113
100000007940000157573
100000008720000189007
100000009700000234969
100000010380000269037
100000011200000313071
100000011720000343387
100000011860000351633
100000011980000358797
100000012320000379231
100000012740000405733
100000012920000417307
100000013160000432883
100000013460000452893
100000013900000482769
100000014340000514053
100000014640000535743
100000014940000557973
100000015460000597129
100000015920000633607
100000016060000644793
100000016840000707739
100000017600000774391
100000017720000784987
100000018380000843661
100000019120000913887
100000019540000954333
100000019840000984063
100000019920000992007
100000020400001039959
100000020880001089927
100000020980001100397
100000021080001110907
100000021440001148959
100000021880001196787
100000022140001225413
100000022300001243221
100000022700001287901
100000023120001336327
100000024100001449909
100000026220001715121
100000027480001887867
100000027600001904391
100000027940001951413
100000028300002002209
100000028560002039103
100000028780002070717
100000029080002113947
100000029380002157957
100000029900002234449
100000030520002328627
100000030840002377683
100000031440002470743
100000032160002585439
100000032740002679573
100000033100002739009
100000033360002782143
100000033660002832453
100000033960002883123
100000034300002941161
100000034660003003189
100000034900003045021
100000035440003139359
100000036100003257961
100000036740003373993
100000037340003485653
100000037720003556827
100000038400003685959
100000039000003802419
100000039280003857271
100000039580003916341
100000040000003999879
100000040480004096407
100000041080004218627
100000041840004376023
100000042560004528159
100000044060004849609
100000045400005152851
100000046000005289471
100000046720005456727
100000047520005644647
100000048100005784021
100000048580005899557
100000049720006178971
100000050480006370567
100000050800006451431
