16761491228871969551832559|2007537220261|13437173
16761491228871969551832559|1|137654656
16761491228871969551832559|2007537220261|39687054
16761491228871969551832559|1|137654656
16761491228871969551832559|1|146404372
16761491228871969551832559|1|146560622
16761491228871969551832559|1|146873117
16761491228871969551832559|1|146873117
16761491228871969551832559|1|144529578
16761491228871969551832559|1|144373329
16761491228871969551832559|1|144529578
16761491228871969551832559|1|144529578
16761491228871969551832559|1|140467302
16761491228871969551832559|1|140154806
16761491228871969551832559|1|140467302
16761491228871969551832559|2007537220261|19062279
16761491228871969551832559|1|143904580
16761491228871969551832559|8349280431619|47499267
16761491228871969551832559|1|143592088
16761491228871969551832559|1|143435656
16761491228871969551832559|1|138279465
16761491228871969551832559|1|138748217
16761491228871969551832559|1|138435715
16761491228871969551832559|2007537220261|113904753
16761491228871969551832559|1|138123570
16761491228871969551832559|8349280431619|35468336
16761491228871969551832559|2007537220261|41562200
16761491228871969551832559|1|138123570
16761491228871969551832559|1|146248133
16761491228871969551832559|1|145935634
16761491228871969551832559|1|145623139
16761491228871969551832559|1|145623139
16761491228871969551832559|1|146717054
16761491228871969551832559|1|146560801
16761491228871969551832559|1|146560801
16761491228871969551832559|1|146404555
16761491228871969551832559|2007537220261|24530968
16761491228871969551832559|1|143436011
16761491228871969551832559|1|143592263
16761491228871969551832559|1|143748509
16761491228871969551832559|1|141716933
16761491228871969551832559|1|141560677
16761491228871969551832559|8349280431619|12343424
16761491228871969551832559|1|141716933
16761491228871969551832559|1|145623308
16761491228871969551832559|1|145779557
16761491228871969551832559|1|145935807
16761491228871969551832559|1|145935807
16761491228871969551832559|1|141248359
16761491228871969551832559|1|141873533
16761491228871969551832559|1|141092113
16761491228871969551832559|1|140779614
16761491228871969551832559|8349280431619|48593007
16761491228871969551832559|8349280431619|5937250
16761491228871969551832559|1|126092122
16761491228871969551832559|1|125935872
16761491228871969551832559|1|148279521
16761491228871969551832559|1|148435771
16761491228871969551832559|1|147810773
16761491228871969551832559|1|148123268
16761491228871969551832559|1|138748388
16761491228871969551832559|1|138748388
16761491228871969551832559|8349280431619|22655985
16761491228871969551832559|1|138748388
16761491228871969551832559|1|137967275
16761491228871969551832559|2007537220261|32968551
16761491228871969551832559|2007537220261|23905971
16761491228871969551832559|1|137811081
16761491228871969551832559|1|146560681
16761491228871969551832559|1|146560681
16761491228871969551832559|1|146560681
16761491228871969551832559|1|146404429
16761491228871969551832559|1|144842071
16761491228871969551832559|1|144373329
16761491228871969551832559|1|144685824
16761491228871969551832559|1|144685824
16761491228871969551832559|1|135623602
16761491228871969551832559|2007537220261|25156138
16761491228871969551832559|8349280431619|17499794
16761491228871969551832559|1|135467349
16761491228871969551832559|1|143748159
16761491228871969551832559|1|143591909
16761491228871969551832559|1|143591909
16761491228871969551832559|2007537220261|28749491
16761491228871969551832559|8349280431619|46561959
16761491228871969551832559|1|139061060
16761491228871969551832559|2007537220261|17812292
16761491228871969551832559|1|138904817
16761491228871969551832559|1|139685706
16761491228871969551832559|2007537220261|4531024
16761491228871969551832559|1|139685706
16761491228871969551832559|1|139998202
16761491228871969551832559|1|147029549
16761491228871969551832559|1|146717053
16761491228871969551832559|1|147342048
16761491228871969551832559|1|147029549
16761491228871969551832559|1|145154738
16761491228871969551832559|1|144529753
16761491228871969551832559|8349280431619|126873525
16761491228871969551832559|1|144686006
4744587856940170656444347|1|140623200
4744587856940170656444347|3168684194831|11562196
4744587856940170656444347|1|140623200
4744587856940170656444347|1|140623200
4744587856940170656444347|1|143123340
4744587856940170656444347|1|142185846
4744587856940170656444347|1|143904709
4744587856940170656444347|1497336927637|58280577
4744587856940170656444347|1|139529683
4744587856940170656444347|1|139529683
4744587856940170656444347|1497336927637|22030865
4744587856940170656444347|1|139373437
4744587856940170656444347|1|138123397
4744587856940170656444347|1|137654659
4744587856940170656444347|1|137810909
4744587856940170656444347|3168684194831|7499734
4744587856940170656444347|1|143279596
4744587856940170656444347|1|142967097
4744587856940170656444347|3168684194831|139685710
4744587856940170656444347|1|142967097
4744587856940170656444347|1|138904463
4744587856940170656444347|3168684194831|40780595
4744587856940170656444347|1|138904463
4744587856940170656444347|1|138748210
4744587856940170656444347|1497336927637|51405649
4744587856940170656444347|1497336927637|5468681
4744587856940170656444347|1|137186077
4744587856940170656444347|1|137342326
4744587856940170656444347|1|132342215
4744587856940170656444347|1497336927637|14530909
4744587856940170656444347|3168684194831|3281036
4744587856940170656444347|1497336927637|6562251
4744587856940170656444347|1497336927637|13749851
4744587856940170656444347|1497336927637|2499803
4744587856940170656444347|3168684194831|130310943
4744587856940170656444347|3168684194831|8749916
4744587856940170656444347|1|141404673
4744587856940170656444347|1|141248423
4744587856940170656444347|1497336927637|97342495
4744587856940170656444347|1|141560922
4744587856940170656444347|1497336927637|1249800
4744587856940170656444347|1|131092044
4744587856940170656444347|1|131092044
4744587856940170656444347|1497336927637|8437214
4744587856940170656444347|1|132342215
4744587856940170656444347|1497336927637|8124904
4744587856940170656444347|3168684194831|2187476
4744587856940170656444347|1|132185969
4744587856940170656444347|3168684194831|107811254
4744587856940170656444347|1|135623556
4744587856940170656444347|1|134373617
4744587856940170656444347|3168684194831|5468687
4744587856940170656444347|1|141717158
4744587856940170656444347|1|140779678
4744587856940170656444347|1|140935921
4744587856940170656444347|3168684194831|77498976
4744587856940170656444347|1|138904463
4744587856940170656444347|3168684194831|22655810
4744587856940170656444347|1|139060712
4744587856940170656444347|1|138591967
4744587856940170656444347|1|140154624
4744587856940170656444347|1|139529636
4744587856940170656444347|1|139529636
4744587856940170656444347|1|138279648
4744587856940170656444347|1|142185853
4744587856940170656444347|1|142185853
4744587856940170656444347|1|142498352
4744587856940170656444347|1|141717112
4744587856940170656444347|1|145467247
4744587856940170656444347|1|144060830
4744587856940170656444347|1|145779743
4744587856940170656444347|1|145467247
4744587856940170656444347|1|142654413
4744587856940170656444347|1|142654413
4744587856940170656444347|1|142654413
4744587856940170656444347|1497336927637|68592772
4744587856940170656444347|1497336927637|5312437
4744587856940170656444347|1|136092357
4744587856940170656444347|1|137029790
4744587856940170656444347|1497336927637|52811893
4744587856940170656444347|1497336927637|13905961
4744587856940170656444347|1|139373443
4744587856940170656444347|1|139373443
4744587856940170656444347|1|139685939
4744587856940170656444347|1|141092117
4744587856940170656444347|1|140623369
4744587856940170656444347|3168684194831|78748902
4744587856940170656444347|1|140779611
4744587856940170656444347|1|139060881
4744587856940170656444347|3168684194831|29843217
4744587856940170656444347|1|138904632
4744587856940170656444347|1|138748389
4744587856940170656444347|3168684194831|8905966
4744587856940170656444347|1|139373201
4744587856940170656444347|1|139060709
4744587856940170656444347|1|139060709
4744587856940170656444347|3168684194831|1406238
4744587856940170656444347|3168684194831|10000070
4744587856940170656444347|1|132654860
4744587856940170656444347|1497336927637|18124971
27558549326674513580215361|1|146091913
27558549326674513580215361|1|146404412
27558549326674513580215361|1|145935667
27558549326674513580215361|1|146091913
27558549326674513580215361|3551845706293|2968720
27558549326674513580215361|7758937635677|90780198
27558549326674513580215361|1|140467123
27558549326674513580215361|1|140623369
27558549326674513580215361|1|139373397
27558549326674513580215361|1|139060891
27558549326674513580215361|3551845706293|8906148
27558549326674513580215361|7758937635677|57811829
27558549326674513580215361|1|152654475
27558549326674513580215361|1|166716934
27558549326674513580215361|1|159842058
27558549326674513580215361|1|154685708
27558549326674513580215361|1|152185621
27558549326674513580215361|1|150466881
27558549326674513580215361|3551845706293|96405012
27558549326674513580215361|1|150466881
27558549326674513580215361|3551845706293|4843690
27558549326674513580215361|1|149373261
27558549326674513580215361|1|149060772
27558549326674513580215361|1|149373261
27558549326674513580215361|1|152810739
27558549326674513580215361|1|153748305
27558549326674513580215361|1|151248254
27558549326674513580215361|1|151092002
27558549326674513580215361|1|153279397
27558549326674513580215361|1|151560667
27558549326674513580215361|1|152966898
27558549326674513580215361|1|151248164
27558549326674513580215361|1|171716771
27558549326674513580215361|1|164841835
27558549326674513580215361|1|167029317
27558549326674513580215361|1|163279354
27558549326674513580215361|1|156717083
27558549326674513580215361|1|148904502
27558549326674513580215361|7758937635677|139998354
27558549326674513580215361|3551845706293|43124485
27558549326674513580215361|1|147498115
27558549326674513580215361|1|147810611
27558549326674513580215361|1|147341869
27558549326674513580215361|1|148279359
27558549326674513580215361|1|142654780
27558549326674513580215361|3551845706293|37499566
27558549326674513580215361|1|142654780
27558549326674513580215361|1|143123545
27558549326674513580215361|1|146716845
27558549326674513580215361|1|145935605
27558549326674513580215361|1|146248100
27558549326674513580215361|1|146404350
27558549326674513580215361|1|147498291
27558549326674513580215361|1|147342045
27558549326674513580215361|1|146873300
27558549326674513580215361|1|147029546
27558549326674513580215361|1|147342048
27558549326674513580215361|1|146873296
27558549326674513580215361|1|146248305
27558549326674513580215361|1|146248305
27558549326674513580215361|3551845706293|17656040
27558549326674513580215361|1|140935864
27558549326674513580215361|1|140935864
27558549326674513580215361|1|140935864
27558549326674513580215361|1|141717291
27558549326674513580215361|1|141717291
27558549326674513580215361|1|141717291
27558549326674513580215361|7758937635677|7187415
27558549326674513580215361|1|143904398
27558549326674513580215361|7758937635677|9687200
27558549326674513580215361|1|144060644
27558549326674513580215361|1|144060644
27558549326674513580215361|3551845706293|110154975
27558549326674513580215361|1|139685882
27558549326674513580215361|3551845706293|9843638
27558549326674513580215361|1|139842135
27558549326674513580215361|1|141092114
27558549326674513580215361|3551845706293|13749834
27558549326674513580215361|1|140935864
27558549326674513580215361|1|140935864
27558549326674513580215361|1|139842304
27558549326674513580215361|1|139529815
27558549326674513580215361|3551845706293|40155782
27558549326674513580215361|7758937635677|45624473
27558549326674513580215361|7758937635677|33124439
27558549326674513580215361|1|143904404
27558549326674513580215361|1|144060654
27558549326674513580215361|1|144373149
27558549326674513580215361|1|142185740
27558549326674513580215361|7758937635677|3281212
27558549326674513580215361|1|141873247
27558549326674513580215361|1|142185740
27558549326674513580215361|1|145153656
27558549326674513580215361|3551845706293|79373583
27558549326674513580215361|1|145153656
27558549326674513580215361|1|145153656
27558549326674513580215361|1|148747341
27558549326674513580215361|1|149216086
27558549326674513580215361|1|148591096
27558549326674513580215361|1|148434847
13570299096641373824965333|1|138591271
13570299096641373824965333|3310452784477|9218583
13570299096641373824965333|1|138278778
13570299096641373824965333|1|138435023
13570299096641373824965333|4099227501529|3906178
13570299096641373824965333|1|142341204
13570299096641373824965333|1|141716217
13570299096641373824965333|1|142341204
13570299096641373824965333|1|137810208
13570299096641373824965333|4099227501529|108591811
13570299096641373824965333|4099227501529|15468477
13570299096641373824965333|1|137810208
13570299096641373824965333|3310452784477|5780974
13570299096641373824965333|1|137653618
13570299096641373824965333|1|137809866
13570299096641373824965333|4099227501529|126872561
13570299096641373824965333|4099227501529|16405955
13570299096641373824965333|1|136872730
13570299096641373824965333|4099227501529|23593330
13570299096641373824965333|1|136872730
13570299096641373824965333|1|143278688
13570299096641373824965333|3310452784477|140778554
13570299096641373824965333|1|143434940
13570299096641373824965333|1|143747434
13570299096641373824965333|1|134841328
13570299096641373824965333|3310452784477|11718358
13570299096641373824965333|3310452784477|12030855
13570299096641373824965333|1|134685079
13570299096641373824965333|1|141403551
13570299096641373824965333|4099227501529|23749403
13570299096641373824965333|1|140778560
13570299096641373824965333|1|140934815
13570299096641373824965333|4099227501529|84529738
13570299096641373824965333|1|142809946
13570299096641373824965333|1|142966191
13570299096641373824965333|1|142809946
13570299096641373824965333|1|145622398
13570299096641373824965333|1|146559882
13570299096641373824965333|1|145466149
13570299096641373824965333|1|145153659
13570299096641373824965333|3310452784477|33436900
13570299096641373824965333|1|141559968
13570299096641373824965333|1|141872465
13570299096641373824965333|1|141716220
13570299096641373824965333|1|147653612
13570299096641373824965333|1|147028621
13570299096641373824965333|1|147028621
13570299096641373824965333|1|147341118
13570299096641373824965333|1|146559878
13570299096641373824965333|1|145622398
13570299096641373824965333|4099227501529|24687056
13570299096641373824965333|1|146716127
13570299096641373824965333|1|157184690
13570299096641373824965333|1|154215996
13570299096641373824965333|1|189840351
13570299096641373824965333|1|169840712
13570299096641373824965333|1|156715952
13570299096641373824965333|1|188746632
13570299096641373824965333|1|205465077
13570299096641373824965333|1|169996964
13570299096641373824965333|1|150466067
13570299096641373824965333|1|163903318
13570299096641373824965333|1|181403180
13570299096641373824965333|1|154215994
13570299096641373824965333|1|135622584
13570299096641373824965333|1|137341297
13570299096641373824965333|4099227501529|32186750
13570299096641373824965333|1|137341297
13570299096641373824965333|1|143278748
13570299096641373824965333|1|143278748
13570299096641373824965333|3310452784477|103435476
13570299096641373824965333|1|143435000
13570299096641373824965333|1|141404431
13570299096641373824965333|1|141248175
13570299096641373824965333|3310452784477|34999410
13570299096641373824965333|1|141248175
13570299096641373824965333|1|136561099
13570299096641373824965333|1|136717342
13570299096641373824965333|1|135154679
13570299096641373824965333|1|136404849
13570299096641373824965333|3310452784477|10937192
13570299096641373824965333|1|132810781
13570299096641373824965333|1|134529637
13570299096641373824965333|4099227501529|1406053
13570299096641373824965333|1|145935681
13570299096641373824965333|1|145935681
13570299096641373824965333|1|145466939
13570299096641373824965333|1|145623185
13570299096641373824965333|1|141092117
13570299096641373824965333|1|140936050
13570299096641373824965333|1|141092117
13570299096641373824965333|3310452784477|9218644
13570299096641373824965333|1|144529575
13570299096641373824965333|1|144217083
13570299096641373824965333|1|142967091
13570299096641373824965333|1|144060830
13570299096641373824965333|1|141404609
13570299096641373824965333|1|141873358
13570299096641373824965333|3310452784477|99842592
13570299096641373824965333|1|141873358
20908707524629725517878137|5792892725819|73436650
20908707524629725517878137|1|140467295
20908707524629725517878137|1|140467295
20908707524629725517878137|5792892725819|14999826
20908707524629725517878137|5792892725819|17499625
20908707524629725517878137|5792892725819|59530387
20908707524629725517878137|1|138591970
20908707524629725517878137|1|138435721
20908707524629725517878137|1|145154569
20908707524629725517878137|1|145467065
20908707524629725517878137|1|145779560
20908707524629725517878137|1|144217079
20908707524629725517878137|5792892725819|52186900
20908707524629725517878137|1|140623373
20908707524629725517878137|3609372469723|77967847
20908707524629725517878137|1|140623373
20908707524629725517878137|3609372469723|11562371
20908707524629725517878137|1|143435838
20908707524629725517878137|1|142967093
20908707524629725517878137|1|143435838
20908707524629725517878137|1|140310874
20908707524629725517878137|1|140154631
20908707524629725517878137|5792892725819|9374890
20908707524629725517878137|1|139998375
20908707524629725517878137|1|137654659
20908707524629725517878137|3609372469723|14843576
20908707524629725517878137|1|137498406
20908707524629725517878137|5792892725819|58280577
20908707524629725517878137|1|145779554
20908707524629725517878137|1|145779554
20908707524629725517878137|1|145935806
20908707524629725517878137|1|145935806
20908707524629725517878137|1|140310870
20908707524629725517878137|5792892725819|24218467
20908707524629725517878137|1|140310870
20908707524629725517878137|1|140467123
20908707524629725517878137|1|137029834
20908707524629725517878137|5792892725819|1718727
20908707524629725517878137|3609372469723|8749895
20908707524629725517878137|5792892725819|109686227
20908707524629725517878137|1|144060661
20908707524629725517878137|1|143748162
20908707524629725517878137|5792892725819|63280341
20908707524629725517878137|1|143279417
20908707524629725517878137|5792892725819|40312025
20908707524629725517878137|1|142967097
20908707524629725517878137|1|142967097
20908707524629725517878137|1|142185846
20908707524629725517878137|1|145467058
20908707524629725517878137|1|145779550
20908707524629725517878137|1|145310805
20908707524629725517878137|1|146092046
20908707524629725517878137|1|147185977
20908707524629725517878137|1|146404558
20908707524629725517878137|1|146873303
20908707524629725517878137|1|146717057
20908707524629725517878137|1|142810666
20908707524629725517878137|1|141404431
20908707524629725517878137|3609372469723|25155778
20908707524629725517878137|1|142498167
20908707524629725517878137|5792892725819|1718730
20908707524629725517878137|1|137498575
20908707524629725517878137|1|137186083
20908707524629725517878137|5792892725819|12343788
20908707524629725517878137|1|142029438
20908707524629725517878137|1|141873186
20908707524629725517878137|3609372469723|5312279
20908707524629725517878137|1|142185681
20908707524629725517878137|1|143592261
20908707524629725517878137|1|142342100
20908707524629725517878137|5792892725819|44530734
20908707524629725517878137|1|143435842
20908707524629725517878137|1|141873182
20908707524629725517878137|3609372469723|13593419
20908707524629725517878137|1|142185681
20908707524629725517878137|1|142029431
20908707524629725517878137|1|143435835
20908707524629725517878137|1|143592084
20908707524629725517878137|1|144217079
20908707524629725517878137|5792892725819|64218006
20908707524629725517878137|5792892725819|15781067
20908707524629725517878137|1|138904820
20908707524629725517878137|1|140623547
20908707524629725517878137|1|140467298
20908707524629725517878137|1|145310640
20908707524629725517878137|1|144998141
20908707524629725517878137|1|145466886
20908707524629725517878137|1|145623133
20908707524629725517878137|1|145623310
20908707524629725517878137|1|143592088
20908707524629725517878137|1|145154569
20908707524629725517878137|1|145154569
20908707524629725517878137|3609372469723|25780961
20908707524629725517878137|1|141404616
20908707524629725517878137|1|141560863
20908707524629725517878137|5792892725819|45155732
20908707524629725517878137|5792892725819|6249927
20908707524629725517878137|1|144842073
20908707524629725517878137|1|145154569
20908707524629725517878137|1|145154569
27163939266588492576251873|3544866707009|141560858
27163939266588492576251873|3544866707009|14218585
27163939266588492576251873|1|144685827
27163939266588492576251873|1|144998319
27163939266588492576251873|1|142810845
27163939266588492576251873|1|142342100
27163939266588492576251873|1|142185850
27163939266588492576251873|7662894408097|1718731
27163939266588492576251873|1|143123515
27163939266588492576251873|3544866707009|25780951
27163939266588492576251873|1|142967269
27163939266588492576251873|1|141717108
27163939266588492576251873|3544866707009|9687395
27163939266588492576251873|3544866707009|1406060
27163939266588492576251873|3544866707009|4531025
27163939266588492576251873|1|132654664
27163939266588492576251873|1|145466939
27163939266588492576251873|1|145466939
27163939266588492576251873|1|145466939
27163939266588492576251873|1|145466939
27163939266588492576251873|3544866707009|47811946
27163939266588492576251873|1|142967097
27163939266588492576251873|1|144529579
27163939266588492576251873|1|144217083
27163939266588492576251873|1|142185849
27163939266588492576251873|1|142654594
27163939266588492576251873|1|142342105
27163939266588492576251873|3544866707009|49843171
27163939266588492576251873|1|143436018
27163939266588492576251873|1|143123344
27163939266588492576251873|7662894408097|10624882
27163939266588492576251873|1|143123344
27163939266588492576251873|1|142185846
27163939266588492576251873|1|141873354
27163939266588492576251873|1|140935685
27163939266588492576251873|3544866707009|5937250
27163939266588492576251873|1|143904409
27163939266588492576251873|1|144216904
27163939266588492576251873|1|144216904
27163939266588492576251873|7662894408097|20155843
27163939266588492576251873|7662894408097|96092639
27163939266588492576251873|3544866707009|35937085
27163939266588492576251873|1|141404739
27163939266588492576251873|3544866707009|100936510
27163939266588492576251873|1|143748208
27163939266588492576251873|3544866707009|129529622
27163939266588492576251873|1|145154443
27163939266588492576251873|1|145154443
27163939266588492576251873|1|146873296
27163939266588492576251873|1|147498291
27163939266588492576251873|1|147029559
27163939266588492576251873|1|147029559
27163939266588492576251873|1|147185802
27163939266588492576251873|1|146873296
27163939266588492576251873|1|146873296
27163939266588492576251873|1|146873296
27163939266588492576251873|7662894408097|8281143
27163939266588492576251873|3544866707009|1093726
27163939266588492576251873|1|137186027
27163939266588492576251873|7662894408097|94686393
27163939266588492576251873|1|142966974
27163939266588492576251873|1|142810718
27163939266588492576251873|3544866707009|69842813
27163939266588492576251873|1|142810718
27163939266588492576251873|1|140936037
27163939266588492576251873|1|140936037
27163939266588492576251873|3544866707009|3906200
27163939266588492576251873|7662894408097|90624121
27163939266588492576251873|1|147498118
27163939266588492576251873|1|147029370
27163939266588492576251873|1|146716871
27163939266588492576251873|1|147029370
27163939266588492576251873|1|142654774
27163939266588492576251873|3544866707009|22499733
27163939266588492576251873|1|143123519
27163939266588492576251873|1|142654774
27163939266588492576251873|1|143123158
27163939266588492576251873|1|143123158
27163939266588492576251873|7662894408097|57499155
27163939266588492576251873|1|142810662
27163939266588492576251873|1|142654598
27163939266588492576251873|1|142810847
27163939266588492576251873|3544866707009|39999540
27163939266588492576251873|1|141404616
27163939266588492576251873|1|142029608
27163939266588492576251873|7662894408097|4531198
27163939266588492576251873|1|141873358
27163939266588492576251873|1|141873358
27163939266588492576251873|1|145154744
27163939266588492576251873|1|145154744
27163939266588492576251873|7662894408097|138123394
27163939266588492576251873|1|145310997
27163939266588492576251873|1|139060881
27163939266588492576251873|7662894408097|79530143
27163939266588492576251873|1|138748382
27163939266588492576251873|3544866707009|84998830
27163939266588492576251873|1|142341924
27163939266588492576251873|1|142185675
27163939266588492576251873|7662894408097|4999770
27163939266588492576251873|1|142029425
28304450196915436698711757|1|141717105
28304450196915436698711757|1|141717105
28304450196915436698711757|5240735101291|4374951
28304450196915436698711757|1|141560859
28304450196915436698711757|5400854965927|23124734
28304450196915436698711757|1|138748568
28304450196915436698711757|5240735101291|7499916
28304450196915436698711757|1|137186086
28304450196915436698711757|1|143123174
28304450196915436698711757|1|142966918
28304450196915436698711757|1|142966918
28304450196915436698711757|5240735101291|5468511
28304450196915436698711757|5400854965927|15468564
28304450196915436698711757|1|137342352
28304450196915436698711757|1|137498575
28304450196915436698711757|5400854965927|12656098
28304450196915436698711757|5400854965927|7812237
28304450196915436698711757|1|138904592
28304450196915436698711757|5400854965927|49686750
28304450196915436698711757|5400854965927|128904582
28304450196915436698711757|1|139373258
28304450196915436698711757|5240735101291|9687263
28304450196915436698711757|5400854965927|113279811
28304450196915436698711757|1|139373258
28304450196915436698711757|1|142342099
28304450196915436698711757|5400854965927|71249356
28304450196915436698711757|1|142654598
28304450196915436698711757|5240735101291|50155670
28304450196915436698711757|1|145154569
28304450196915436698711757|1|144529575
28304450196915436698711757|1|145154569
28304450196915436698711757|5400854965927|17031056
28304450196915436698711757|5240735101291|4999942
28304450196915436698711757|5400854965927|3906203
28304450196915436698711757|1|136873416
28304450196915436698711757|5240735101291|38437052
28304450196915436698711757|1|147967214
28304450196915436698711757|1|147967214
28304450196915436698711757|1|146248302
28304450196915436698711757|1|147967214
28304450196915436698711757|1|142654420
28304450196915436698711757|5400854965927|25624520
28304450196915436698711757|1|142498167
28304450196915436698711757|1|142654420
28304450196915436698711757|5240735101291|2343718
28304450196915436698711757|1|136873409
28304450196915436698711757|1|136873409
28304450196915436698711757|5400854965927|23905967
28304450196915436698711757|1|139060887
28304450196915436698711757|5400854965927|8124907
28304450196915436698711757|1|138904641
28304450196915436698711757|5240735101291|2656217
28304450196915436698711757|1|136561093
28304450196915436698711757|5400854965927|24531148
28304450196915436698711757|5240735101291|7187418
28304450196915436698711757|1|136717342
28304450196915436698711757|1|145310815
28304450196915436698711757|1|144998326
28304450196915436698711757|1|143748159
28304450196915436698711757|5240735101291|88280051
28304450196915436698711757|1|145310644
28304450196915436698711757|1|145623142
28304450196915436698711757|1|145466893
28304450196915436698711757|1|145466893
28304450196915436698711757|1|139060885
28304450196915436698711757|5400854965927|47499443
28304450196915436698711757|5240735101291|8124901
28304450196915436698711757|1|139060885
28304450196915436698711757|5400854965927|6249931
28304450196915436698711757|1|139061063
28304450196915436698711757|5400854965927|15468571
28304450196915436698711757|1|139217312
28304450196915436698711757|1|147185627
28304450196915436698711757|1|147185627
28304450196915436698711757|1|147341873
28304450196915436698711757|5400854965927|134685765
28304450196915436698711757|1|147342038
28304450196915436698711757|1|146873293
28304450196915436698711757|1|146717047
28304450196915436698711757|1|146560798
28304450196915436698711757|1|145779560
28304450196915436698711757|1|145779560
28304450196915436698711757|1|145935813
28304450196915436698711757|5240735101291|115467412
28304450196915436698711757|1|146092053
28304450196915436698711757|1|146404548
28304450196915436698711757|1|146092053
28304450196915436698711757|1|146092053
28304450196915436698711757|1|143748341
28304450196915436698711757|1|143123343
28304450196915436698711757|5240735101291|2031226
28304450196915436698711757|1|143592085
28304450196915436698711757|1|146717044
28304450196915436698711757|1|145935803
28304450196915436698711757|1|146092053
28304450196915436698711757|1|146248305
28304450196915436698711757|1|143592088
28304450196915436698711757|1|143748337
28304450196915436698711757|5400854965927|9062397
28304450196915436698711757|1|143592088
9923909697667560569170393|1|136092169
9923909697667560569170393|2078158608307|10937371
9923909697667560569170393|1|136092169
9923909697667560569170393|2078158608307|2968713
9923909697667560569170393|1|140467122
9923909697667560569170393|4775337964099|13593594
9923909697667560569170393|1|140467122
9923909697667560569170393|1|140467122
9923909697667560569170393|1|146092060
9923909697667560569170393|1|146873300
9923909697667560569170393|1|146092060
9923909697667560569170393|1|146560805
9923909697667560569170393|4775337964099|112029948
9923909697667560569170393|2078158608307|4062452
9923909697667560569170393|1|136561089
9923909697667560569170393|1|136873585
9923909697667560569170393|1|145466892
9923909697667560569170393|1|145154400
9923909697667560569170393|1|145154400
9923909697667560569170393|1|145623145
9923909697667560569170393|1|143123515
9923909697667560569170393|1|142967090
9923909697667560569170393|1|142967090
9923909697667560569170393|2078158608307|105780020
9923909697667560569170393|1|147185743
9923909697667560569170393|1|146091881
9923909697667560569170393|1|146560629
9923909697667560569170393|1|146404376
9923909697667560569170393|1|145466938
9923909697667560569170393|1|144685698
9923909697667560569170393|1|145154440
9923909697667560569170393|1|144998193
9923909697667560569170393|1|145310819
9923909697667560569170393|4775337964099|140623369
9923909697667560569170393|1|145154573
9923909697667560569170393|1|145467065
9923909697667560569170393|1|145935807
9923909697667560569170393|1|145935807
9923909697667560569170393|4775337964099|130935980
9923909697667560569170393|4775337964099|128748508
9923909697667560569170393|1|138123404
9923909697667560569170393|2078158608307|62499279
9923909697667560569170393|1|137967151
9923909697667560569170393|4775337964099|25624704
9923909697667560569170393|4775337964099|81092809
9923909697667560569170393|1|143435835
9923909697667560569170393|1|143279586
9923909697667560569170393|1|143435835
9923909697667560569170393|1|146717177
9923909697667560569170393|2078158608307|132654714
9923909697667560569170393|2078158608307|142498521
9923909697667560569170393|2078158608307|121717340
9923909697667560569170393|1|145154450
9923909697667560569170393|1|145310692
9923909697667560569170393|1|144998193
9923909697667560569170393|1|145154450
9923909697667560569170393|1|144998317
9923909697667560569170393|1|144998317
9923909697667560569170393|1|145467244
9923909697667560569170393|1|144685818
9923909697667560569170393|1|146873117
9923909697667560569170393|1|146560619
9923909697667560569170393|1|146091874
9923909697667560569170393|1|146873117
9923909697667560569170393|2078158608307|88592723
9923909697667560569170393|1|136092172
9923909697667560569170393|1|136248422
9923909697667560569170393|4775337964099|3437458
9923909697667560569170393|1|143435835
9923909697667560569170393|4775337964099|73749145
9923909697667560569170393|1|143435835
9923909697667560569170393|1|142498348
9923909697667560569170393|2078158608307|14218586
9923909697667560569170393|4775337964099|78749088
9923909697667560569170393|1|136404671
9923909697667560569170393|1|136248421
9923909697667560569170393|1|143123340
9923909697667560569170393|1|142967093
9923909697667560569170393|1|143435838
9923909697667560569170393|1|142967093
9923909697667560569170393|1|142967094
9923909697667560569170393|1|143123340
9923909697667560569170393|1|143279586
9923909697667560569170393|1|142967094
9923909697667560569170393|1|143748520
9923909697667560569170393|2078158608307|104686288
9923909697667560569170393|1|143592267
9923909697667560569170393|1|143592267
9923909697667560569170393|2078158608307|76092682
9923909697667560569170393|1|136873230
9923909697667560569170393|4775337964099|7343482
9923909697667560569170393|1|137029483
9923909697667560569170393|2078158608307|24062224
9923909697667560569170393|4775337964099|38280924
9923909697667560569170393|1|135935423
9923909697667560569170393|1|135935423
9923909697667560569170393|1|140153749
9923909697667560569170393|2078158608307|13749582
9923909697667560569170393|1|140153749
9923909697667560569170393|1|140153749
38279354299866183392744509|1|146403455
38279354299866183392744509|1|145934716
38279354299866183392744509|1|145622219
38279354299866183392744509|1|145778468
38279354299866183392744509|1|144684917
38279354299866183392744509|1|144528666
38279354299866183392744509|7288551186923|56873991
38279354299866183392744509|1|144684917
38279354299866183392744509|1|148747341
38279354299866183392744509|1|148122357
38279354299866183392744509|1|147966109
38279354299866183392744509|1|148278605
38279354299866183392744509|1|149684814
38279354299866183392744509|1|149684821
38279354299866183392744509|1|149528579
38279354299866183392744509|1|149372324
38279354299866183392744509|1|144997590
38279354299866183392744509|7288551186923|17968430
38279354299866183392744509|1|144841338
38279354299866183392744509|1|144528666
38279354299866183392744509|7288551186923|4062427
38279354299866183392744509|1|137028793
38279354299866183392744509|5251984011383|2031031
38279354299866183392744509|1|137028793
38279354299866183392744509|1|147809685
38279354299866183392744509|1|147497188
38279354299866183392744509|1|148434844
38279354299866183392744509|1|147653436
38279354299866183392744509|1|147028452
38279354299866183392744509|1|146559707
38279354299866183392744509|1|146715955
38279354299866183392744509|1|146403458
38279354299866183392744509|1|151716041
38279354299866183392744509|1|149372341
38279354299866183392744509|1|148434850
38279354299866183392744509|1|148434850
38279354299866183392744509|1|145309825
38279354299866183392744509|5251984011383|20624643
38279354299866183392744509|1|144841153
38279354299866183392744509|1|144684908
38279354299866183392744509|1|146247568
38279354299866183392744509|1|145935074
38279354299866183392744509|1|145935074
38279354299866183392744509|5251984011383|143903679
38279354299866183392744509|7288551186923|11405865
38279354299866183392744509|7288551186923|103904396
38279354299866183392744509|1|139216208
38279354299866183392744509|7288551186923|114372956
38279354299866183392744509|1|142966065
38279354299866183392744509|1|143122314
38279354299866183392744509|7288551186923|76717250
38279354299866183392744509|1|143278559
38279354299866183392744509|1|143434936
38279354299866183392744509|1|143278691
38279354299866183392744509|7288551186923|10312318
38279354299866183392744509|1|142966194
38279354299866183392744509|1|147809860
38279354299866183392744509|1|148122354
38279354299866183392744509|1|148122354
38279354299866183392744509|1|147497363
38279354299866183392744509|1|140310172
38279354299866183392744509|5251984011383|11406047
38279354299866183392744509|1|140310172
38279354299866183392744509|1|140622663
38279354299866183392744509|1|141247296
38279354299866183392744509|1|141247296
38279354299866183392744509|1|140934802
38279354299866183392744509|5251984011383|13749578
38279354299866183392744509|1|141716220
38279354299866183392744509|7288551186923|3593684
38279354299866183392744509|1|141716220
38279354299866183392744509|1|141872468
38279354299866183392744509|1|139841246
38279354299866183392744509|7288551186923|25312044
38279354299866183392744509|5251984011383|5937392
38279354299866183392744509|1|140153739
38279354299866183392744509|1|148592002
38279354299866183392744509|1|149060750
38279354299866183392744509|1|149060750
38279354299866183392744509|1|148748251
38279354299866183392744509|1|148123279
38279354299866183392744509|1|147967033
38279354299866183392744509|1|148435778
38279354299866183392744509|1|148435778
38279354299866183392744509|1|139373555
38279354299866183392744509|7288551186923|32812118
38279354299866183392744509|5251984011383|2187475
38279354299866183392744509|1|139217315
38279354299866183392744509|1|144998148
38279354299866183392744509|1|145310643
38279354299866183392744509|1|145935638
38279354299866183392744509|1|145310643
38279354299866183392744509|1|138123394
38279354299866183392744509|1|138435896
38279354299866183392744509|7288551186923|2968716
38279354299866183392744509|1|138279647
38279354299866183392744509|1|147029546
38279354299866183392744509|7288551186923|138748389
38279354299866183392744509|1|147029546
38279354299866183392744509|1|147342042
40596596750431881918422941|1|146248308
40596596750431881918422941|1|146092062
40596596750431881918422941|5646863771191|86873991
40596596750431881918422941|1|145935806
40596596750431881918422941|1|146248484
40596596750431881918422941|1|145779560
40596596750431881918422941|1|145623311
40596596750431881918422941|1|146092053
40596596750431881918422941|1|145935803
40596596750431881918422941|1|145623132
40596596750431881918422941|1|145310633
40596596750431881918422941|5646863771191|114060999
40596596750431881918422941|1|147342052
40596596750431881918422941|1|147029556
40596596750431881918422941|5646863771191|86248822
40596596750431881918422941|1|147029556
40596596750431881918422941|5646863771191|10780939
40596596750431881918422941|1|141873361
40596596750431881918422941|1|142342102
40596596750431881918422941|1|142810834
40596596750431881918422941|1|147341869
40596596750431881918422941|1|147810786
40596596750431881918422941|1|147185620
40596596750431881918422941|1|147185620
40596596750431881918422941|1|147341873
40596596750431881918422941|1|146716875
40596596750431881918422941|1|147185620
40596596750431881918422941|1|147185620
40596596750431881918422941|1|137811078
40596596750431881918422941|7189228994251|5312438
40596596750431881918422941|1|137654825
40596596750431881918422941|7189228994251|24218645
40596596750431881918422941|5646863771191|16718374
40596596750431881918422941|7189228994251|84530091
40596596750431881918422941|5646863771191|5156012
40596596750431881918422941|1|139216958
40596596750431881918422941|1|143904580
40596596750431881918422941|1|144217083
40596596750431881918422941|1|143904580
40596596750431881918422941|5646863771191|19843519
40596596750431881918422941|1|142967090
40596596750431881918422941|1|142967090
40596596750431881918422941|7189228994251|17343547
40596596750431881918422941|1|142967090
40596596750431881918422941|1|142654595
40596596750431881918422941|1|142654595
40596596750431881918422941|7189228994251|94842650
40596596750431881918422941|7189228994251|1874977
40596596750431881918422941|5646863771191|19062281
40596596750431881918422941|1|140623554
40596596750431881918422941|1|140311055
40596596750431881918422941|1|140623554
40596596750431881918422941|7189228994251|2187290
40596596750431881918422941|1|139841946
40596596750431881918422941|1|139529451
40596596750431881918422941|1|139841946
40596596750431881918422941|1|141873540
40596596750431881918422941|1|141717294
40596596750431881918422941|1|141873540
40596596750431881918422941|5646863771191|35937085
40596596750431881918422941|1|146091877
40596596750431881918422941|5646863771191|131560793
40596596750431881918422941|7189228994251|109373549
40596596750431881918422941|1|145935624
40596596750431881918422941|1|145779557
40596596750431881918422941|1|145779557
40596596750431881918422941|7189228994251|39999533
40596596750431881918422941|1|146248305
40596596750431881918422941|1|142810845
40596596750431881918422941|1|143123337
40596596750431881918422941|1|143279593
40596596750431881918422941|7189228994251|19374774
40596596750431881918422941|1|146248299
40596596750431881918422941|1|146873296
40596596750431881918422941|1|146717044
40596596750431881918422941|1|146404548
40596596750431881918422941|1|148748273
40596596750431881918422941|1|147654534
40596596750431881918422941|1|147654534
40596596750431881918422941|1|148123279
40596596750431881918422941|1|143904584
40596596750431881918422941|1|143748338
40596596750431881918422941|5646863771191|23124731
40596596750431881918422941|1|143279593
40596596750431881918422941|1|142342281
40596596750431881918422941|1|142342281
40596596750431881918422941|1|142498528
40596596750431881918422941|5646863771191|9374893
40596596750431881918422941|1|138904585
40596596750431881918422941|5646863771191|51874218
40596596750431881918422941|5646863771191|40311850
40596596750431881918422941|5646863771191|24062041
40596596750431881918422941|5646863771191|19999642
40596596750431881918422941|1|143904454
40596596750431881918422941|1|144060687
40596596750431881918422941|1|144216936
40596596750431881918422941|1|146560805
40596596750431881918422941|7189228994251|72655410
40596596750431881918422941|1|146248309
40596596750431881918422941|1|146560805
27557624813307212088006583|1|147185967
27557624813307212088006583|1|146873296
27557624813307212088006583|1|146560800
27557624813307212088006583|1|146560800
27557624813307212088006583|1|138279647
27557624813307212088006583|3093824546933|13749665
27557624813307212088006583|1|138279647
27557624813307212088006583|8907300461051|68749028
27557624813307212088006583|1|142029432
27557624813307212088006583|1|142185678
27557624813307212088006583|1|142029432
27557624813307212088006583|3093824546933|6562251
27557624813307212088006583|1|147185795
27557624813307212088006583|1|147185795
27557624813307212088006583|1|146873300
27557624813307212088006583|1|147654544
27557624813307212088006583|1|145154744
27557624813307212088006583|1|144686009
27557624813307212088006583|1|145310990
27557624813307212088006583|3093824546933|133435951
27557624813307212088006583|1|145466890
27557624813307212088006583|1|145154391
27557624813307212088006583|1|145779571
27557624813307212088006583|1|145154391
27557624813307212088006583|1|146716861
27557624813307212088006583|1|146248116
27557624813307212088006583|1|145935621
27557624813307212088006583|8907300461051|140779429
27557624813307212088006583|8907300461051|9062394
27557624813307212088006583|8907300461051|141404609
27557624813307212088006583|1|142029604
27557624813307212088006583|1|141717115
27557624813307212088006583|3093824546933|19999768
27557624813307212088006583|1|138436069
27557624813307212088006583|3093824546933|18437290
27557624813307212088006583|1|138436069
27557624813307212088006583|1|144685652
27557624813307212088006583|3093824546933|120623431
27557624813307212088006583|1|144841898
27557624813307212088006583|1|144998147
27557624813307212088006583|1|137342164
27557624813307212088006583|1|137185911
27557624813307212088006583|8907300461051|12499862
27557624813307212088006583|8907300461051|12187360
27557624813307212088006583|8907300461051|129373496
27557624813307212088006583|1|145154569
27557624813307212088006583|1|145467065
27557624813307212088006583|1|144842067
27557624813307212088006583|3093824546933|5937425
27557624813307212088006583|1|142810841
27557624813307212088006583|1|142498345
27557624813307212088006583|1|142342103
27557624813307212088006583|1|148435781
27557624813307212088006583|1|148748280
27557624813307212088006583|1|148592033
27557624813307212088006583|1|148904526
27557624813307212088006583|1|146248490
27557624813307212088006583|8907300461051|139529629
27557624813307212088006583|1|146248490
27557624813307212088006583|3093824546933|79061589
27557624813307212088006583|1|146716865
27557624813307212088006583|1|146560616
27557624813307212088006583|1|146404366
27557624813307212088006583|1|146248117
27557624813307212088006583|1|147967033
27557624813307212088006583|1|147498288
27557624813307212088006583|1|147498288
27557624813307212088006583|1|147967033
27557624813307212088006583|1|143279592
27557624813307212088006583|1|143279592
27557624813307212088006583|1|143592267
27557624813307212088006583|8907300461051|26718440
27557624813307212088006583|1|145466886
27557624813307212088006583|1|145779381
27557624813307212088006583|1|145466886
27557624813307212088006583|8907300461051|53280453
27557624813307212088006583|1|145154563
27557624813307212088006583|1|144842070
27557624813307212088006583|1|144685821
27557624813307212088006583|8907300461051|117186140
27557624813307212088006583|1|137185911
27557624813307212088006583|1|137029665
27557624813307212088006583|8907300461051|35468349
27557624813307212088006583|8907300461051|1406248
27557624813307212088006583|1|147342048
27557624813307212088006583|1|147342048
27557624813307212088006583|1|147498297
27557624813307212088006583|1|147342048
27557624813307212088006583|1|141248360
27557624813307212088006583|1|141092111
27557624813307212088006583|3093824546933|13437342
27557624813307212088006583|1|141092111
27557624813307212088006583|1|140623372
27557624813307212088006583|8907300461051|11718615
27557624813307212088006583|1|139998378
27557624813307212088006583|1|140310877
27557624813307212088006583|1|142498352
27557624813307212088006583|8907300461051|24999707
27557624813307212088006583|1|142498352
27557624813307212088006583|1|142498352
27831555603092661230866711|1|145623315
27831555603092661230866711|1|145623315
27831555603092661230866711|1|145623315
27831555603092661230866711|1|145467059
27831555603092661230866711|1|144998313
27831555603092661230866711|1|144529568
27831555603092661230866711|1|144998313
27831555603092661230866711|1|144685817
27831555603092661230866711|6207271457099|6718672
27831555603092661230866711|1|139060884
27831555603092661230866711|1|139060884
27831555603092661230866711|6207271457099|9218825
27831555603092661230866711|6207271457099|34843352
27831555603092661230866711|1|137967158
27831555603092661230866711|4483702025189|7031172
27831555603092661230866711|1|137654660
27831555603092661230866711|1|147029550
27831555603092661230866711|1|147342038
27831555603092661230866711|1|147029550
27831555603092661230866711|1|147185796
27831555603092661230866711|6207271457099|468745
27831555603092661230866711|1|137185912
27831555603092661230866711|1|137342158
27831555603092661230866711|4483702025189|17343552
27831555603092661230866711|4483702025189|70780429
27831555603092661230866711|1|139061063
27831555603092661230866711|1|138904823
27831555603092661230866711|4483702025189|6562426
27831555603092661230866711|1|144685652
27831555603092661230866711|1|144685652
27831555603092661230866711|6207271457099|99842420
27831555603092661230866711|1|144685652
27831555603092661230866711|4483702025189|12812351
27831555603092661230866711|1|137810902
27831555603092661230866711|6207271457099|9999884
27831555603092661230866711|6207271457099|6562423
27831555603092661230866711|4483702025189|9062394
27831555603092661230866711|1|142029604
27831555603092661230866711|1|142342100
27831555603092661230866711|1|142342100
27831555603092661230866711|1|141873357
27831555603092661230866711|1|142029610
27831555603092661230866711|1|141873357
27831555603092661230866711|4483702025189|21562252
27831555603092661230866711|4483702025189|16562304
27831555603092661230866711|1|138279816
27831555603092661230866711|1|138123570
27831555603092661230866711|6207271457099|32343371
27831555603092661230866711|1|145623145
27831555603092661230866711|1|145779391
27831555603092661230866711|1|145623145
27831555603092661230866711|1|145466889
27831555603092661230866711|1|142810845
27831555603092661230866711|1|142654592
27831555603092661230866711|4483702025189|59843052
27831555603092661230866711|1|142185847
27831555603092661230866711|6207271457099|93436411
27831555603092661230866711|1|144998320
27831555603092661230866711|1|144685821
27831555603092661230866711|1|144842067
27831555603092661230866711|1|136873409
27831555603092661230866711|4483702025189|22812231
27831555603092661230866711|1|137185907
27831555603092661230866711|4483702025189|39374552
27831555603092661230866711|1|145935810
27831555603092661230866711|1|145623311
27831555603092661230866711|1|145779561
27831555603092661230866711|1|146092060
27831555603092661230866711|4483702025189|57186841
27831555603092661230866711|1|139998546
27831555603092661230866711|1|140311045
27831555603092661230866711|4483702025189|55311858
27831555603092661230866711|4483702025189|94061366
27831555603092661230866711|4483702025189|6718500
27831555603092661230866711|4483702025189|3124790
27831555603092661230866711|6207271457099|61874295
27831555603092661230866711|1|136092215
27831555603092661230866711|4483702025189|6249795
27831555603092661230866711|4483702025189|16718606
27831555603092661230866711|1|135935969
27831555603092661230866711|6207271457099|28749498
27831555603092661230866711|1|136091999
27831555603092661230866711|1|136091999
27831555603092661230866711|6207271457099|6093509
27831555603092661230866711|1|147498291
27831555603092661230866711|1|147498291
27831555603092661230866711|1|147498291
27831555603092661230866711|1|147810790
27831555603092661230866711|4483702025189|74686636
27831555603092661230866711|1|143748331
27831555603092661230866711|1|143748331
27831555603092661230866711|1|143748331
27831555603092661230866711|1|141873361
27831555603092661230866711|6207271457099|25155960
27831555603092661230866711|1|141717108
27831555603092661230866711|1|141560862
27831555603092661230866711|1|145467061
27831555603092661230866711|6207271457099|136092172
27831555603092661230866711|1|145623311
27831555603092661230866711|1|145623311
21712597327783213910420287|1|147342028
21712597327783213910420287|1|147498277
21712597327783213910420287|1|146873279
21712597327783213910420287|1|147185782
21712597327783213910420287|1|142498521
21712597327783213910420287|9714447948991|94530336
21712597327783213910420287|1|142498521
21712597327783213910420287|2235082985857|61718032
21712597327783213910420287|9714447948991|29843228
21712597327783213910420287|2235082985857|39218121
21712597327783213910420287|1|139841953
21712597327783213910420287|1|139841953
21712597327783213910420287|2235082985857|58749319
21712597327783213910420287|1|143436021
21712597327783213910420287|1|143436021
21712597327783213910420287|1|143904756
21712597327783213910420287|1|146873127
21712597327783213910420287|1|146716878
21712597327783213910420287|1|146560632
21712597327783213910420287|1|146560632
21712597327783213910420287|1|139998381
21712597327783213910420287|1|139373384
21712597327783213910420287|2235082985857|937487
21712597327783213910420287|1|139842129
21712597327783213910420287|1|147342211
21712597327783213910420287|1|146092056
21712597327783213910420287|1|146248302
21712597327783213910420287|1|147029546
21712597327783213910420287|1|146873306
21712597327783213910420287|1|145779391
21712597327783213910420287|1|145779391
21712597327783213910420287|1|146248133
21712597327783213910420287|1|147810607
21712597327783213910420287|1|147185616
21712597327783213910420287|1|147029367
21712597327783213910420287|1|147185616
21712597327783213910420287|9714447948991|74842882
21712597327783213910420287|1|143748520
21712597327783213910420287|1|143748520
21712597327783213910420287|1|143748520
21712597327783213910420287|1|146248120
21712597327783213910420287|1|146248120
21712597327783213910420287|1|146248120
21712597327783213910420287|1|146248120
21712597327783213910420287|1|144529773
21712597327783213910420287|1|144373511
21712597327783213910420287|1|144373511
21712597327783213910420287|2235082985857|85155264
21712597327783213910420287|1|145623291
21712597327783213910420287|9714447948991|88592527
21712597327783213910420287|1|145467045
21712597327783213910420287|1|146560775
21712597327783213910420287|2235082985857|23280989
21712597327783213910420287|9714447948991|7343495
21712597327783213910420287|2235082985857|5312265
21712597327783213910420287|1|135623383
21712597327783213910420287|9714447948991|73592774
21712597327783213910420287|1|144217136
21712597327783213910420287|1|144685871
21712597327783213910420287|1|144529449
21712597327783213910420287|2235082985857|122810904
21712597327783213910420287|1|144529399
21712597327783213910420287|1|144841902
21712597327783213910420287|1|144685735
21712597327783213910420287|1|147498287
21712597327783213910420287|1|147654536
21712597327783213910420287|1|147185788
21712597327783213910420287|1|147185788
21712597327783213910420287|1|135623437
21712597327783213910420287|1|135779683
21712597327783213910420287|9714447948991|58905566
21712597327783213910420287|1|135310942
21712597327783213910420287|1|143279583
21712597327783213910420287|1|143435832
21712597327783213910420287|1|143123333
21712597327783213910420287|1|143435832
21712597327783213910420287|2235082985857|2031226
21712597327783213910420287|1|140310874
21712597327783213910420287|1|140467305
21712597327783213910420287|1|140310874
21712597327783213910420287|1|142185853
21712597327783213910420287|1|143904398
21712597327783213910420287|2235082985857|24999525
21712597327783213910420287|1|141873358
21712597327783213910420287|9714447948991|112811365
21712597327783213910420287|9714447948991|35937267
21712597327783213910420287|2235082985857|20156015
21712597327783213910420287|1|138279651
21712597327783213910420287|1|145623311
21712597327783213910420287|1|145779560
21712597327783213910420287|1|145467061
21712597327783213910420287|1|145935806
21712597327783213910420287|1|141404802
21712597327783213910420287|1|141404802
21712597327783213910420287|1|141561041
21712597327783213910420287|2235082985857|23593476
21712597327783213910420287|1|146091881
21712597327783213910420287|1|145935628
21712597327783213910420287|1|146091881
21712597327783213910420287|1|147029510
51807957267116989641339869|7265706586213|8593506
51807957267116989641339869|1|142029640
51807957267116989641339869|1|141873397
51807957267116989641339869|1|142342142
51807957267116989641339869|1|144685821
51807957267116989641339869|1|144685821
51807957267116989641339869|1|144998323
51807957267116989641339869|7265706586213|88280041
51807957267116989641339869|1|147966850
51807957267116989641339869|1|147810598
51807957267116989641339869|1|147654348
51807957267116989641339869|1|147810598
51807957267116989641339869|1|143592082
51807957267116989641339869|1|143279583
51807957267116989641339869|1|143435833
51807957267116989641339869|7265706586213|20781003
51807957267116989641339869|1|147654540
51807957267116989641339869|1|147654540
51807957267116989641339869|1|147498291
51807957267116989641339869|1|147342041
51807957267116989641339869|1|149998259
51807957267116989641339869|1|150467004
51807957267116989641339869|1|150623256
51807957267116989641339869|1|150623256
51807957267116989641339869|1|144060827
51807957267116989641339869|1|143904581
51807957267116989641339869|7130477490713|9062391
51807957267116989641339869|1|143904581
51807957267116989641339869|7265706586213|21718502
51807957267116989641339869|7130477490713|138748395
51807957267116989641339869|1|145467065
51807957267116989641339869|1|145154569
51807957267116989641339869|1|148279534
51807957267116989641339869|1|148748279
51807957267116989641339869|1|148592027
51807957267116989641339869|1|148435780
51807957267116989641339869|1|148904526
51807957267116989641339869|1|148592024
51807957267116989641339869|1|148748273
51807957267116989641339869|1|148279528
51807957267116989641339869|1|149217197
51807957267116989641339869|1|148435778
51807957267116989641339869|1|148435778
51807957267116989641339869|1|149217197
51807957267116989641339869|1|145935637
51807957267116989641339869|1|145779381
51807957267116989641339869|1|146248126
51807957267116989641339869|7265706586213|24999531
51807957267116989641339869|1|142029783
51807957267116989641339869|1|142029783
51807957267116989641339869|7265706586213|9999885
51807957267116989641339869|1|142029783
51807957267116989641339869|1|145466889
51807957267116989641339869|7130477490713|104061114
51807957267116989641339869|1|145154387
51807957267116989641339869|1|145310636
51807957267116989641339869|1|146092053
51807957267116989641339869|1|145779557
51807957267116989641339869|1|145935807
51807957267116989641339869|7130477490713|98436354
51807957267116989641339869|1|146873299
51807957267116989641339869|1|147342044
51807957267116989641339869|1|146873299
51807957267116989641339869|1|146560801
51807957267116989641339869|1|147342042
51807957267116989641339869|1|146873300
51807957267116989641339869|1|146717047
51807957267116989641339869|1|146717047
51807957267116989641339869|7265706586213|8125076
51807957267116989641339869|1|137029787
51807957267116989641339869|7265706586213|5156370
51807957267116989641339869|7265706586213|4062452
51807957267116989641339869|1|149216896
51807957267116989641339869|1|149529395
51807957267116989641339869|1|149529395
51807957267116989641339869|1|149373142
51807957267116989641339869|7265706586213|138904210
51807957267116989641339869|7130477490713|80155264
51807957267116989641339869|1|145622837
51807957267116989641339869|1|145466592
51807957267116989641339869|1|148903590
51807957267116989641339869|1|149528762
51807957267116989641339869|1|149059841
51807957267116989641339869|1|149059841
51807957267116989641339869|1|144215987
51807957267116989641339869|7130477490713|10312133
51807957267116989641339869|1|144059738
51807957267116989641339869|1|144372238
51807957267116989641339869|7130477490713|29686971
51807957267116989641339869|1|146403631
51807957267116989641339869|1|146091134
51807957267116989641339869|1|146091134
51807957267116989641339869|1|149684825
51807957267116989641339869|1|149216086
51807957267116989641339869|1|149216086
51807957267116989641339869|1|149684825
51807957267116989641339869|1|149059834
51807957267116989641339869|1|148747337
51807957267116989641339869|1|148747337
51807957267116989641339869|1|148591092
48907088856378490310406833|1|144059920
48907088856378490310406833|5347794717103|7812359
48907088856378490310406833|1|143591181
48907088856378490310406833|1|143747430
48907088856378490310406833|1|144684918
48907088856378490310406833|9145281642911|19687152
48907088856378490310406833|1|144841166
48907088856378490310406833|1|144528669
48907088856378490310406833|1|147809863
48907088856378490310406833|1|147966102
48907088856378490310406833|1|147653608
48907088856378490310406833|1|147809863
48907088856378490310406833|1|148122353
48907088856378490310406833|1|147809856
48907088856378490310406833|1|147809856
48907088856378490310406833|1|147809856
48907088856378490310406833|5347794717103|16874697
48907088856378490310406833|1|144841159
48907088856378490310406833|1|144528662
48907088856378490310406833|1|144372417
48907088856378490310406833|1|135310080
48907088856378490310406833|5347794717103|5937395
48907088856378490310406833|1|135310080
48907088856378490310406833|1|135466332
48907088856378490310406833|1|149216083
48907088856378490310406833|1|149372328
48907088856378490310406833|1|149059831
48907088856378490310406833|1|148903586
48907088856378490310406833|1|147341114
48907088856378490310406833|1|146872376
48907088856378490310406833|1|147341114
48907088856378490310406833|1|147497360
48907088856378490310406833|1|148747516
48907088856378490310406833|1|148122356
48907088856378490310406833|1|148122356
48907088856378490310406833|1|148122356
48907088856378490310406833|1|142966025
48907088856378490310406833|1|142809773
48907088856378490310406833|5347794717103|4530996
48907088856378490310406833|1|142809773
48907088856378490310406833|1|148591089
48907088856378490310406833|1|148122347
48907088856378490310406833|1|148122347
48907088856378490310406833|1|148591089
48907088856378490310406833|5347794717103|28436993
48907088856378490310406833|1|142497631
48907088856378490310406833|1|142497631
48907088856378490310406833|1|142497631
48907088856378490310406833|1|148278605
48907088856378490310406833|1|148122175
48907088856378490310406833|1|147653430
48907088856378490310406833|1|147653430
48907088856378490310406833|1|148590914
48907088856378490310406833|1|148122165
48907088856378490310406833|1|148122165
48907088856378490310406833|1|148590914
48907088856378490310406833|5347794717103|9374827
48907088856378490310406833|1|143591175
48907088856378490310406833|1|143747423
48907088856378490310406833|1|143903672
48907088856378490310406833|5347794717103|72499157
48907088856378490310406833|9145281642911|32655870
48907088856378490310406833|1|140623366
48907088856378490310406833|9145281642911|48593182
48907088856378490310406833|5347794717103|89373966
48907088856378490310406833|1|144060833
48907088856378490310406833|1|143748334
48907088856378490310406833|9145281642911|61874284
48907088856378490310406833|1|143123525
48907088856378490310406833|1|143123525
48907088856378490310406833|1|143279771
48907088856378490310406833|5347794717103|9687385
48907088856378490310406833|5347794717103|36561900
48907088856378490310406833|1|143748338
48907088856378490310406833|1|143748338
48907088856378490310406833|1|144217076
48907088856378490310406833|1|137967145
48907088856378490310406833|1|137654646
48907088856378490310406833|9145281642911|3281029
48907088856378490310406833|9145281642911|16874809
48907088856378490310406833|1|142967094
48907088856378490310406833|9145281642911|123123585
48907088856378490310406833|5347794717103|16718381
48907088856378490310406833|1|142498352
48907088856378490310406833|1|145154393
48907088856378490310406833|1|144841901
48907088856378490310406833|1|144841901
48907088856378490310406833|1|144685648
48907088856378490310406833|1|148123282
48907088856378490310406833|1|147654544
48907088856378490310406833|1|147498288
48907088856378490310406833|5347794717103|125779793
48907088856378490310406833|1|149217028
48907088856378490310406833|1|148904529
48907088856378490310406833|1|148435781
48907088856378490310406833|1|148748280
48907088856378490310406833|1|144373508
48907088856378490310406833|1|144373508
48907088856378490310406833|1|144373508
48907088856378490310406833|5347794717103|29218406
72712554244062432375315737|1|149216832
72712554244062432375315737|1|149060586
72712554244062432375315737|1|149529335
72712554244062432375315737|1|149216832
72712554244062432375315737|1|143435838
72712554244062432375315737|1|143435838
72712554244062432375315737|9927829182457|4687443
72712554244062432375315737|1|143123518
72712554244062432375315737|9927829182457|12656098
72712554244062432375315737|1|138748561
72712554244062432375315737|7324114155041|20156197
72712554244062432375315737|1|139061057
72712554244062432375315737|7324114155041|8749726
72712554244062432375315737|1|141248317
72712554244062432375315737|9927829182457|28905923
72712554244062432375315737|1|140466960
72712554244062432375315737|1|147810664
72712554244062432375315737|1|147810664
72712554244062432375315737|1|147498165
72712554244062432375315737|1|147810664
72712554244062432375315737|1|150467006
72712554244062432375315737|1|149998271
72712554244062432375315737|1|150310757
72712554244062432375315737|1|149842019
72712554244062432375315737|1|147498467
72712554244062432375315737|1|146404552
72712554244062432375315737|1|147342042
72712554244062432375315737|1|146560814
72712554244062432375315737|1|136404505
72712554244062432375315737|1|136092003
72712554244062432375315737|1|137029493
72712554244062432375315737|1|135935750
72712554244062432375315737|1|150154501
72712554244062432375315737|1|149685756
72712554244062432375315737|1|149685756
72712554244062432375315737|1|149529506
72712554244062432375315737|1|143123525
72712554244062432375315737|9927829182457|4999939
72712554244062432375315737|1|143123525
72712554244062432375315737|1|143123525
72712554244062432375315737|1|146404369
72712554244062432375315737|1|146873118
72712554244062432375315737|1|146716868
72712554244062432375315737|1|146404369
72712554244062432375315737|1|145623489
72712554244062432375315737|7324114155041|133592197
72712554244062432375315737|1|145467240
72712554244062432375315737|1|146092238
72712554244062432375315737|9927829182457|26718255
72712554244062432375315737|1|143904398
72712554244062432375315737|1|143591902
72712554244062432375315737|1|144216893
72712554244062432375315737|9927829182457|45311975
72712554244062432375315737|7324114155041|26093447
72712554244062432375315737|1|140467305
72712554244062432375315737|1|140936040
72712554244062432375315737|1|148123110
72712554244062432375315737|1|147654368
72712554244062432375315737|1|147498116
72712554244062432375315737|1|147654368
72712554244062432375315737|1|145779564
72712554244062432375315737|1|145623318
72712554244062432375315737|9927829182457|26249696
72712554244062432375315737|1|145623318
72712554244062432375315737|1|148904522
72712554244062432375315737|1|148592027
72712554244062432375315737|1|148904522
72712554244062432375315737|1|148748283
72712554244062432375315737|1|145779746
72712554244062432375315737|1|145779746
72712554244062432375315737|9927829182457|9999888
72712554244062432375315737|1|145779746
72712554244062432375315737|1|146248126
72712554244062432375315737|9927829182457|15312136
72712554244062432375315737|1|146091874
72712554244062432375315737|1|146404369
72712554244062432375315737|1|144998525
72712554244062432375315737|1|144998525
72712554244062432375315737|1|144998525
72712554244062432375315737|9927829182457|1406232
72712554244062432375315737|9927829182457|48592981
72712554244062432375315737|1|142810815
72712554244062432375315737|1|143123307
72712554244062432375315737|9927829182457|80780115
72712554244062432375315737|1|143123171
72712554244062432375315737|1|142654426
72712554244062432375315737|1|143123171
72712554244062432375315737|1|142654426
72712554244062432375315737|1|147029718
72712554244062432375315737|7324114155041|14843577
72712554244062432375315737|1|146873478
72712554244062432375315737|1|146560989
72712554244062432375315737|1|147185623
72712554244062432375315737|1|147029377
72712554244062432375315737|1|146560629
72712554244062432375315737|1|146873127
72712554244062432375315737|1|146717232
72712554244062432375315737|7324114155041|101092577
72712554244062432375315737|1|146092238
72712554244062432375315737|1|145935992
26656075798724314876170221|1|147029361
26656075798724314876170221|1|146873115
26656075798724314876170221|1|147029361
26656075798724314876170221|1|147029361
26656075798724314876170221|8465459881397|15625006
26656075798724314876170221|1|136248547
26656075798724314876170221|8465459881397|13124849
26656075798724314876170221|3148804219993|55780606
26656075798724314876170221|1|145467131
26656075798724314876170221|1|147498168
26656075798724314876170221|1|144685708
26656075798724314876170221|1|144373203
26656075798724314876170221|1|143123519
26656075798724314876170221|3148804219993|30780893
26656075798724314876170221|1|142654780
26656075798724314876170221|1|142811026
26656075798724314876170221|8465459881397|92811245
26656075798724314876170221|1|143279423
26656075798724314876170221|1|143435845
26656075798724314876170221|1|143435845
26656075798724314876170221|3148804219993|29218223
26656075798724314876170221|1|144373143
26656075798724314876170221|1|144216897
26656075798724314876170221|1|144060651
26656075798724314876170221|1|147810787
26656075798724314876170221|1|147654541
26656075798724314876170221|1|147654541
26656075798724314876170221|1|147185792
26656075798724314876170221|1|149060772
26656075798724314876170221|1|148435780
26656075798724314876170221|1|148435780
26656075798724314876170221|1|148592027
26656075798724314876170221|1|145467243
26656075798724314876170221|1|145154748
26656075798724314876170221|3148804219993|65936736
26656075798724314876170221|1|144998501
26656075798724314876170221|1|144998141
26656075798724314876170221|3148804219993|14530902
26656075798724314876170221|1|144998141
26656075798724314876170221|1|145154394
26656075798724314876170221|8465459881397|17812293
26656075798724314876170221|8465459881397|17343544
26656075798724314876170221|1|139842307
26656075798724314876170221|1|139842307
26656075798724314876170221|1|146716868
26656075798724314876170221|1|146404369
26656075798724314876170221|1|147029367
26656075798724314876170221|1|147185613
26656075798724314876170221|3148804219993|112967623
26656075798724314876170221|8465459881397|27187182
26656075798724314876170221|1|140779790
26656075798724314876170221|1|140779790
26656075798724314876170221|1|139685707
26656075798724314876170221|1|141248314
26656075798724314876170221|1|139841963
26656075798724314876170221|1|139998209
26656075798724314876170221|1|147029423
26656075798724314876170221|1|146716928
26656075798724314876170221|1|147185669
26656075798724314876170221|1|147029423
26656075798724314876170221|1|143748338
26656075798724314876170221|3148804219993|4531198
26656075798724314876170221|1|143904779
26656075798724314876170221|1|143436025
26656075798724314876170221|8465459881397|26249501
26656075798724314876170221|1|140779605
26656075798724314876170221|1|140779605
26656075798724314876170221|1|140467110
26656075798724314876170221|1|137029483
26656075798724314876170221|3148804219993|91405186
26656075798724314876170221|8465459881397|23280798
26656075798724314876170221|8465459881397|24374538
26656075798724314876170221|1|145154570
26656075798724314876170221|1|145154570
26656075798724314876170221|1|145779561
26656075798724314876170221|1|145310819
26656075798724314876170221|1|146873296
26656075798724314876170221|1|146404551
26656075798724314876170221|1|146404551
26656075798724314876170221|1|146717047
26656075798724314876170221|3148804219993|49218362
26656075798724314876170221|3148804219993|25780951
26656075798724314876170221|1|138748581
26656075798724314876170221|1|139217313
26656075798724314876170221|1|142654598
26656075798724314876170221|3148804219993|119373439
26656075798724314876170221|1|142498348
26656075798724314876170221|3148804219993|6874743
26656075798724314876170221|1|146248130
26656075798724314876170221|1|145935631
26656075798724314876170221|1|146560625
26656075798724314876170221|1|146404379
26656075798724314876170221|8465459881397|103905230
26656075798724314876170221|1|141717277
26656075798724314876170221|3148804219993|28437168
26656075798724314876170221|1|141717277
26656075798724314876170221|1|141873358
26656075798724314876170221|3148804219993|30311983
26656075798724314876170221|8465459881397|108905000
26656075798724314876170221|1|141560862
16967688548628920645555783|1|144998320
16967688548628920645555783|1|144842074
16967688548628920645555783|1|144842074
16967688548628920645555783|1|144998320
16967688548628920645555783|1|144842252
16967688548628920645555783|1|144842252
16967688548628920645555783|2642634807697|110311221
16967688548628920645555783|1|145154748
16967688548628920645555783|6420746634839|114217430
16967688548628920645555783|1|142810662
16967688548628920645555783|1|142810662
16967688548628920645555783|2642634807697|64061575
16967688548628920645555783|1|145310822
16967688548628920645555783|1|145467068
16967688548628920645555783|1|145154569
16967688548628920645555783|1|145310822
16967688548628920645555783|1|146717060
16967688548628920645555783|1|146248302
16967688548628920645555783|1|146873303
16967688548628920645555783|1|146248302
16967688548628920645555783|1|132654704
16967688548628920645555783|1|132029713
16967688548628920645555783|1|132342212
16967688548628920645555783|1|132342212
16967688548628920645555783|1|144998324
16967688548628920645555783|1|144217080
16967688548628920645555783|1|144373329
16967688548628920645555783|1|144217080
16967688548628920645555783|2642634807697|32187127
16967688548628920645555783|6420746634839|64374381
16967688548628920645555783|6420746634839|3906202
16967688548628920645555783|2642634807697|17343759
16967688548628920645555783|1|142966968
16967688548628920645555783|6420746634839|2968590
16967688548628920645555783|1|142966968
16967688548628920645555783|1|142966968
16967688548628920645555783|1|144998316
16967688548628920645555783|1|144529571
16967688548628920645555783|1|144685821
16967688548628920645555783|1|144998316
16967688548628920645555783|6420746634839|11093621
16967688548628920645555783|1|140936050
16967688548628920645555783|1|141248542
16967688548628920645555783|1|141561041
16967688548628920645555783|6420746634839|12187178
16967688548628920645555783|1|138591964
16967688548628920645555783|1|138748210
16967688548628920645555783|1|139060709
16967688548628920645555783|6420746634839|35156013
16967688548628920645555783|2642634807697|7187414
16967688548628920645555783|2642634807697|8750081
16967688548628920645555783|1|135154804
16967688548628920645555783|1|142185731
16967688548628920645555783|1|142341981
16967688548628920645555783|1|142185731
16967688548628920645555783|2642634807697|2187357
16967688548628920645555783|1|147967035
16967688548628920645555783|1|147810793
16967688548628920645555783|1|147967035
16967688548628920645555783|1|147654537
16967688548628920645555783|1|142498349
16967688548628920645555783|2642634807697|42812000
16967688548628920645555783|1|142498349
16967688548628920645555783|1|142029601
16967688548628920645555783|1|143279589
16967688548628920645555783|1|143123337
16967688548628920645555783|6420746634839|7031165
16967688548628920645555783|1|143123337
16967688548628920645555783|2642634807697|141717105
16967688548628920645555783|1|147029725
16967688548628920645555783|1|147342224
16967688548628920645555783|1|146873479
16967688548628920645555783|2642634807697|108436188
16967688548628920645555783|2642634807697|4218519
16967688548628920645555783|2642634807697|3593525
16967688548628920645555783|6420746634839|21562067
16967688548628920645555783|1|141560912
16967688548628920645555783|1|141717164
16967688548628920645555783|1|141404669
16967688548628920645555783|2642634807697|7499784
16967688548628920645555783|6420746634839|26874505
16967688548628920645555783|6420746634839|9530964
16967688548628920645555783|1|137810721
16967688548628920645555783|1|137966970
16967688548628920645555783|1|145935995
16967688548628920645555783|6420746634839|135623430
16967688548628920645555783|1|146092235
16967688548628920645555783|1|146248487
16967688548628920645555783|1|146404373
16967688548628920645555783|1|146560616
16967688548628920645555783|1|146091874
16967688548628920645555783|1|146091874
16967688548628920645555783|1|145467068
16967688548628920645555783|1|144842073
16967688548628920645555783|1|144998323
16967688548628920645555783|1|144529575
16967688548628920645555783|1|141404788
16967688548628920645555783|1|141404788
16967688548628920645555783|2642634807697|84686695
16967688548628920645555783|6420746634839|44686980
74470437101537504077095589|1|133592008
74470437101537504077095589|1|133592008
74470437101537504077095589|1|133435762
74470437101537504077095589|9578449819079|20937063
74470437101537504077095589|1|143748335
74470437101537504077095589|7774790128691|67655468
74470437101537504077095589|1|144060830
74470437101537504077095589|1|143748335
74470437101537504077095589|1|148123467
74470437101537504077095589|7774790128691|145623311
74470437101537504077095589|1|148123467
74470437101537504077095589|1|148123467
74470437101537504077095589|7774790128691|5468505
74470437101537504077095589|9578449819079|27030937
74470437101537504077095589|1|142966912
74470437101537504077095589|1|142966912
74470437101537504077095589|1|139998550
74470437101537504077095589|9578449819079|82499229
74470437101537504077095589|7774790128691|5312438
74470437101537504077095589|1|140154799
74470437101537504077095589|1|141873368
74470437101537504077095589|9578449819079|8905973
74470437101537504077095589|1|142185678
74470437101537504077095589|1|142342113
74470437101537504077095589|1|148435595
74470437101537504077095589|1|148748088
74470437101537504077095589|1|149216833
74470437101537504077095589|1|149216833
74470437101537504077095589|1|146404736
74470437101537504077095589|7774790128691|55624357
74470437101537504077095589|1|146248490
74470437101537504077095589|1|146248490
74470437101537504077095589|9578449819079|28593236
74470437101537504077095589|9578449819079|110936037
74470437101537504077095589|1|143592082
74470437101537504077095589|1|143748325
74470437101537504077095589|1|147185629
74470437101537504077095589|1|146873134
74470437101537504077095589|1|147029383
74470437101537504077095589|9578449819079|12499686
74470437101537504077095589|1|155779451
74470437101537504077095589|1|156404436
74470437101537504077095589|1|154685709
74470437101537504077095589|1|159373274
74470437101537504077095589|7774790128691|33593234
74470437101537504077095589|9578449819079|119685985
74470437101537504077095589|1|142810719
74470437101537504077095589|1|142966978
74470437101537504077095589|1|149217008
74470437101537504077095589|1|149060762
74470437101537504077095589|1|149685753
74470437101537504077095589|1|149529507
74470437101537504077095589|1|144842246
74470437101537504077095589|1|144685997
74470437101537504077095589|7774790128691|69061703
74470437101537504077095589|9578449819079|60780546
74470437101537504077095589|1|137029490
74470437101537504077095589|1|136716991
74470437101537504077095589|1|136716991
74470437101537504077095589|1|136873240
74470437101537504077095589|9578449819079|77811783
74470437101537504077095589|1|140467291
74470437101537504077095589|9578449819079|18437284
74470437101537504077095589|1|139998556
74470437101537504077095589|9578449819079|6562254
74470437101537504077095589|1|138123401
74470437101537504077095589|1|138123401
74470437101537504077095589|7774790128691|6718511
74470437101537504077095589|9578449819079|6562251
74470437101537504077095589|7774790128691|44062005
74470437101537504077095589|1|138279601
74470437101537504077095589|7774790128691|43124525
74470437101537504077095589|7774790128691|137342204
74470437101537504077095589|9578449819079|12343662
74470437101537504077095589|1|137967029
74470437101537504077095589|7774790128691|8749770
74470437101537504077095589|1|147185777
74470437101537504077095589|1|147185777
74470437101537504077095589|1|147185777
74470437101537504077095589|1|147185777
74470437101537504077095589|1|149059837
74470437101537504077095589|1|148903592
74470437101537504077095589|1|149059837
74470437101537504077095589|1|148747347
74470437101537504077095589|1|147809857
74470437101537504077095589|1|147809857
74470437101537504077095589|1|147653605
74470437101537504077095589|1|147653605
74470437101537504077095589|1|152028528
74470437101537504077095589|1|151403541
74470437101537504077095589|1|151247292
74470437101537504077095589|1|150934799
74470437101537504077095589|1|148747466
74470437101537504077095589|1|147809860
74470437101537504077095589|1|147809860
74470437101537504077095589|1|147497363
74470437101537504077095589|1|147028495
74470437101537504077095589|1|146559935
74470437101537504077095589|9578449819079|45624064
74470437101537504077095589|1|146872432
42940069330284812637068893|1|146091141
42940069330284812637068893|1|145934892
42940069330284812637068893|1|146247389
42940069330284812637068893|1|146247389
42940069330284812637068893|1|140622663
42940069330284812637068893|7158394647637|14374741
42940069330284812637068893|1|140466415
42940069330284812637068893|7158394647637|100935875
42940069330284812637068893|1|144216182
42940069330284812637068893|1|144216182
42940069330284812637068893|1|144059930
42940069330284812637068893|7158394647637|37030415
42940069330284812637068893|1|147809671
42940069330284812637068893|1|147340926
42940069330284812637068893|1|147340926
42940069330284812637068893|1|148122165
42940069330284812637068893|1|147497359
42940069330284812637068893|1|147184872
42940069330284812637068893|1|147028617
42940069330284812637068893|1|147184872
42940069330284812637068893|5998561331689|22187293
42940069330284812637068893|5998561331689|19843401
42940069330284812637068893|7158394647637|85623471
42940069330284812637068893|1|138278781
42940069330284812637068893|1|148434850
42940069330284812637068893|1|148591096
42940069330284812637068893|1|148591096
42940069330284812637068893|7158394647637|87342187
42940069330284812637068893|1|132185313
42940069330284812637068893|1|133278870
42940069330284812637068893|7158394647637|28436985
42940069330284812637068893|1|131872819
42940069330284812637068893|1|142809942
42940069330284812637068893|1|142809942
42940069330284812637068893|7158394647637|5312404
42940069330284812637068893|1|142497445
42940069330284812637068893|1|144841338
42940069330284812637068893|1|144528848
42940069330284812637068893|7158394647637|40155530
42940069330284812637068893|1|144372603
42940069330284812637068893|1|144684739
42940069330284812637068893|1|144528487
42940069330284812637068893|1|145153647
42940069330284812637068893|5998561331689|5312226
42940069330284812637068893|1|146715965
42940069330284812637068893|1|147184697
42940069330284812637068893|1|147184697
42940069330284812637068893|1|146872213
42940069330284812637068893|7158394647637|4999910
42940069330284812637068893|7158394647637|13437260
42940069330284812637068893|1|137653962
42940069330284812637068893|1|137810055
42940069330284812637068893|1|141872627
42940069330284812637068893|1|141872627
42940069330284812637068893|7158394647637|37968058
42940069330284812637068893|1|142028873
42940069330284812637068893|1|147340939
42940069330284812637068893|1|147340939
42940069330284812637068893|1|147028438
42940069330284812637068893|1|147340939
42940069330284812637068893|1|140935425
42940069330284812637068893|5998561331689|34687052
42940069330284812637068893|7158394647637|31718180
42940069330284812637068893|1|140935425
42940069330284812637068893|1|139216952
42940069330284812637068893|7158394647637|13437163
42940069330284812637068893|7158394647637|13593426
42940069330284812637068893|1|139373198
42940069330284812637068893|1|147342044
42940069330284812637068893|1|147654540
42940069330284812637068893|1|147967039
42940069330284812637068893|1|147967039
42940069330284812637068893|5998561331689|36562251
42940069330284812637068893|7158394647637|17187308
42940069330284812637068893|5998561331689|22655985
42940069330284812637068893|1|129842419
42940069330284812637068893|5998561331689|72342742
42940069330284812637068893|1|144216904
42940069330284812637068893|1|144529400
42940069330284812637068893|1|144216904
42940069330284812637068893|7158394647637|39218484
42940069330284812637068893|1|136873594
42940069330284812637068893|7158394647637|4218701
42940069330284812637068893|1|136561095
42940069330284812637068893|7158394647637|4687265
42940069330284812637068893|1|139998371
42940069330284812637068893|5998561331689|19062285
42940069330284812637068893|1|139685872
42940069330284812637068893|1|148748290
42940069330284812637068893|1|148435791
42940069330284812637068893|7158394647637|146248133
42940069330284812637068893|1|148748290
42940069330284812637068893|7158394647637|12968415
42940069330284812637068893|1|143748145
42940069330284812637068893|1|144373140
42940069330284812637068893|1|143591899
42940069330284812637068893|1|148279531
42940069330284812637068893|1|148435784
42940069330284812637068893|1|148123285
42940069330284812637068893|1|148435784
93949694765568516103056017|9653561590637|12187353
93949694765568516103056017|1|144529757
93949694765568516103056017|1|144529757
93949694765568516103056017|1|144842252
93949694765568516103056017|9653561590637|2343540
93949694765568516103056017|1|140467113
93949694765568516103056017|1|140467113
93949694765568516103056017|9653561590637|62499276
93949694765568516103056017|1|146560632
93949694765568516103056017|1|146716878
93949694765568516103056017|1|146716878
93949694765568516103056017|1|146873131
93949694765568516103056017|9732127762741|30780886
93949694765568516103056017|9732127762741|49530672
93949694765568516103056017|1|142342265
93949694765568516103056017|1|142654760
93949694765568516103056017|1|136248428
93949694765568516103056017|9732127762741|21093336
93949694765568516103056017|9653561590637|40937037
93949694765568516103056017|1|136248428
93949694765568516103056017|9653561590637|89530219
93949694765568516103056017|9653561590637|2499792
93949694765568516103056017|1|141560856
93949694765568516103056017|1|142029601
93949694765568516103056017|1|149529348
93949694765568516103056017|1|149529348
93949694765568516103056017|1|149373095
93949694765568516103056017|1|149216845
93949694765568516103056017|1|149217018
93949694765568516103056017|1|148904522
93949694765568516103056017|1|149060771
93949694765568516103056017|1|148904522
93949694765568516103056017|1|150467003
93949694765568516103056017|1|149842009
93949694765568516103056017|1|149998261
93949694765568516103056017|1|149842009
93949694765568516103056017|1|144373511
93949694765568516103056017|1|144061019
93949694765568516103056017|1|144061019
93949694765568516103056017|9653561590637|27655931
93949694765568516103056017|1|145154387
93949694765568516103056017|9653561590637|8280971
93949694765568516103056017|1|145310640
93949694765568516103056017|1|145154387
93949694765568516103056017|1|146248480
93949694765568516103056017|1|146248480
93949694765568516103056017|9732127762741|43436991
93949694765568516103056017|1|146092234
93949694765568516103056017|1|149841834
93949694765568516103056017|1|149529338
93949694765568516103056017|1|149841834
93949694765568516103056017|1|149373089
93949694765568516103056017|9732127762741|98748856
93949694765568516103056017|1|147029718
93949694765568516103056017|9653561590637|112967438
93949694765568516103056017|1|146560801
93949694765568516103056017|1|148591855
93949694765568516103056017|1|148748111
93949694765568516103056017|1|149216849
93949694765568516103056017|1|148904354
93949694765568516103056017|1|149805511
93949694765568516103056017|1|149054998
93949694765568516103056017|1|149495300
93949694765568516103056017|1|149565350
93949694765568516103056017|9653561590637|61627830
93949694765568516103056017|1|150845907
93949694765568516103056017|1|151041055
93949694765568516103056017|1|150720802
93949694765568516103056017|9653561590637|122214044
93949694765568516103056017|1|150026172
93949694765568516103056017|1|151292668
93949694765568516103056017|1|150746663
93949694765568516103056017|1|147909819
93949694765568516103056017|1|148169994
93949694765568516103056017|9653561590637|2026316
93949694765568516103056017|1|147849774
93949694765568516103056017|1|152642593
93949694765568516103056017|1|152802713
93949694765568516103056017|1|153383296
93949694765568516103056017|1|152577543
93949694765568516103056017|1|160311162
93949694765568516103056017|1|160386221
93949694765568516103056017|1|160371213
93949694765568516103056017|1|158980184
93949694765568516103056017|9653561590637|11946337
93949694765568516103056017|1|150206206
93949694765568516103056017|1|149715464
93949694765568516103056017|1|150125949
93949694765568516103056017|1|153678006
93949694765568516103056017|1|153127630
93949694765568516103056017|1|155199172
93949694765568516103056017|1|154839011
93949694765568516103056017|1|148658812
93949694765568516103056017|1|148919537
93949694765568516103056017|1|148759275
93949694765568516103056017|9732127762741|2291451
93949694765568516103056017|1|153242793
93949694765568516103056017|1|154122788
93949694765568516103056017|9653561590637|37817020
93949694765568516103056017|1|152743006
9236597605090912757388767|1|148191702
9236597605090912757388767|1|148141666
9236597605090912757388767|2966550561319|26720526
9236597605090912757388767|1|149372555
9236597605090912757388767|1|163872413
9236597605090912757388767|1|162921729
9236597605090912757388767|3113581721993|95050875
9236597605090912757388767|1|166942677
9236597605090912757388767|1|147935977
9236597605090912757388767|1|148141140
9236597605090912757388767|1|148056056
9236597605090912757388767|1|148231201
9236597605090912757388767|3113581721993|81027497
9236597605090912757388767|3113581721993|6091350
9236597605090912757388767|3113581721993|6171405
9236597605090912757388767|1|142438539
9236597605090912757388767|1|147491265
9236597605090912757388767|1|147691432
9236597605090912757388767|1|147551326
9236597605090912757388767|1|147141027
9236597605090912757388767|1|148864227
9236597605090912757388767|1|148493975
9236597605090912757388767|1|148473961
9236597605090912757388767|1|148704121
9236597605090912757388767|1|149545799
9236597605090912757388767|1|149035415
9236597605090912757388767|1|149695901
9236597605090912757388767|1|148565094
9236597605090912757388767|2966550561319|25162415
9236597605090912757388767|1|141499473
9236597605090912757388767|1|141968215
9236597605090912757388767|1|141499473
9236597605090912757388767|2966550561319|5937250
9236597605090912757388767|1|136873419
9236597605090912757388767|1|136873419
9236597605090912757388767|1|137342160
9236597605090912757388767|1|144841889
9236597605090912757388767|1|144685646
9236597605090912757388767|1|144841889
9236597605090912757388767|1|144529393
9236597605090912757388767|1|135936117
9236597605090912757388767|2966550561319|24062220
9236597605090912757388767|1|135779855
9236597605090912757388767|3113581721993|26718622
9236597605090912757388767|1|144373134
9236597605090912757388767|1|143591893
9236597605090912757388767|1|144373134
9236597605090912757388767|1|143904395
9236597605090912757388767|1|140467308
9236597605090912757388767|1|140623560
9236597605090912757388767|3113581721993|11093630
9236597605090912757388767|1|140623560
9236597605090912757388767|2966550561319|1718539
9236597605090912757388767|1|139998189
9236597605090912757388767|1|139998189
9236597605090912757388767|1|139998189
9236597605090912757388767|1|142654595
9236597605090912757388767|3113581721993|3749957
9236597605090912757388767|1|142342100
9236597605090912757388767|1|142498349
9236597605090912757388767|1|143123347
9236597605090912757388767|1|143123347
9236597605090912757388767|1|143279593
9236597605090912757388767|2966550561319|14843580
9236597605090912757388767|1|135935925
9236597605090912757388767|1|135935925
9236597605090912757388767|3113581721993|6718669
9236597605090912757388767|1|135935925
9236597605090912757388767|1|145310812
9236597605090912757388767|1|145467062
9236597605090912757388767|1|145467062
9236597605090912757388767|1|146092245
9236597605090912757388767|1|137810896
9236597605090912757388767|1|137967148
9236597605090912757388767|3113581721993|6874730
9236597605090912757388767|1|137967148
9236597605090912757388767|1|135310918
9236597605090912757388767|2966550561319|21249565
9236597605090912757388767|3113581721993|19062093
9236597605090912757388767|1|135623417
9236597605090912757388767|2966550561319|41562024
9236597605090912757388767|3113581721993|34374425
9236597605090912757388767|1|137654653
9236597605090912757388767|1|137967152
9236597605090912757388767|1|141404619
9236597605090912757388767|1|141560869
9236597605090912757388767|2966550561319|66405303
9236597605090912757388767|1|141560869
9236597605090912757388767|2966550561319|1093554
9236597605090912757388767|1|138435890
9236597605090912757388767|1|138123397
9236597605090912757388767|1|138279643
9236597605090912757388767|1|142966921
9236597605090912757388767|1|143279423
9236597605090912757388767|1|143123171
9236597605090912757388767|1|142966921
9236597605090912757388767|1|144217063
9236597605090912757388767|3113581721993|111248698
9236597605090912757388767|1|143748325
9236597605090912757388767|1|143592072
11230140373136176526842519|1|145935816
11230140373136176526842519|1|146248312
11230140373136176526842519|1|146092063
11230140373136176526842519|1|146248312
11230140373136176526842519|1|144685821
11230140373136176526842519|1|144373322
11230140373136176526842519|1|144373322
11230140373136176526842519|1|144373322
11230140373136176526842519|1|136404843
11230140373136176526842519|8463143559061|34062101
11230140373136176526842519|8463143559061|8124904
11230140373136176526842519|1|136248593
11230140373136176526842519|1|142498358
11230140373136176526842519|1326946694779|21874572
11230140373136176526842519|1|142342106
11230140373136176526842519|1|142185859
11230140373136176526842519|1|138592140
11230140373136176526842519|1|138123388
11230140373136176526842519|8463143559061|11562180
11230140373136176526842519|1326946694779|104686285
11230140373136176526842519|1|139685885
11230140373136176526842519|1326946694779|9843456
11230140373136176526842519|1|139685885
11230140373136176526842519|1|139529636
11230140373136176526842519|1326946694779|19062278
11230140373136176526842519|1|134842177
11230140373136176526842519|1326946694779|1249800
11230140373136176526842519|1|135310921
11230140373136176526842519|1326946694779|34530674
11230140373136176526842519|1|141560876
11230140373136176526842519|1|141092137
11230140373136176526842519|1|141873368
11230140373136176526842519|1326946694779|2187287
11230140373136176526842519|1|142654413
11230140373136176526842519|1|142966912
11230140373136176526842519|1|143279404
11230140373136176526842519|1|141717290
11230140373136176526842519|1326946694779|25624701
11230140373136176526842519|1|141873540
11230140373136176526842519|1|141873540
11230140373136176526842519|1326946694779|107967314
11230140373136176526842519|1|140935857
11230140373136176526842519|1326946694779|64999064
11230140373136176526842519|1|141092107
11230140373136176526842519|1326946694779|12187181
11230140373136176526842519|1|140623196
11230140373136176526842519|1|140310880
11230140373136176526842519|1|140310880
11230140373136176526842519|1|145935807
11230140373136176526842519|1|145623311
11230140373136176526842519|1|146092056
11230140373136176526842519|1|145935807
11230140373136176526842519|1|138279833
11230140373136176526842519|1|138436089
11230140373136176526842519|1326946694779|8593650
11230140373136176526842519|1|138592332
11230140373136176526842519|1|140310873
11230140373136176526842519|1|140154627
11230140373136176526842519|1326946694779|20312078
11230140373136176526842519|1|139998378
11230140373136176526842519|1|147342038
11230140373136176526842519|1|146404366
11230140373136176526842519|1|146560622
11230140373136176526842519|1|146560622
11230140373136176526842519|1|143748152
11230140373136176526842519|1|143435653
11230140373136176526842519|1|143748152
11230140373136176526842519|1|143904402
11230140373136176526842519|1|140779797
11230140373136176526842519|1|140623551
11230140373136176526842519|8463143559061|7499913
11230140373136176526842519|1|140779797
11230140373136176526842519|1|145310640
11230140373136176526842519|1|145623132
11230140373136176526842519|1|145154390
11230140373136176526842519|1|145154390
11230140373136176526842519|1|145779560
11230140373136176526842519|1|145623317
11230140373136176526842519|1|145467065
11230140373136176526842519|1|145467065
11230140373136176526842519|8463143559061|32343374
11230140373136176526842519|1|141248555
11230140373136176526842519|1|141404798
11230140373136176526842519|1|141092303
11230140373136176526842519|1|145154381
11230140373136176526842519|1|145935621
11230140373136176526842519|1|145310630
11230140373136176526842519|1|145310630
11230140373136176526842519|1|144998323
11230140373136176526842519|1|144998323
11230140373136176526842519|1|144529575
11230140373136176526842519|1|144373332
11230140373136176526842519|1|145467244
11230140373136176526842519|8463143559061|126092288
11230140373136176526842519|1|145779746
11230140373136176526842519|1|146092238
11230140373136176526842519|1|145779382
11230140373136176526842519|1|145623132
11230140373136176526842519|1|145466883
11230140373136176526842519|1|145779382
24793975937300522374182373|1|145467055
24793975937300522374182373|1|145623307
24793975937300522374182373|1|145623307
24793975937300522374182373|1|146092046
24793975937300522374182373|1|138904814
24793975937300522374182373|5333864116219|137342342
24793975937300522374182373|4648407870367|19687273
24793975937300522374182373|1|138904814
24793975937300522374182373|1|142967100
24793975937300522374182373|1|142654604
24793975937300522374182373|4648407870367|69374022
24793975937300522374182373|1|142810857
24793975937300522374182373|1|146091880
24793975937300522374182373|1|145466886
24793975937300522374182373|1|145310636
24793975937300522374182373|1|145935631
24793975937300522374182373|5333864116219|46874452
24793975937300522374182373|1|141092306
24793975937300522374182373|1|141092306
24793975937300522374182373|1|141092306
24793975937300522374182373|1|143279394
24793975937300522374182373|1|143279394
24793975937300522374182373|4648407870367|32030687
24793975937300522374182373|1|143279394
24793975937300522374182373|5333864116219|10937377
24793975937300522374182373|1|130779738
24793975937300522374182373|1|131248483
24793975937300522374182373|1|130310993
24793975937300522374182373|1|142498527
24793975937300522374182373|1|142654790
24793975937300522374182373|4648407870367|22655985
24793975937300522374182373|1|142498527
24793975937300522374182373|1|138123378
24793975937300522374182373|1|138123378
24793975937300522374182373|5333864116219|56874326
24793975937300522374182373|4648407870367|15312129
24793975937300522374182373|1|149060596
24793975937300522374182373|1|148123109
24793975937300522374182373|1|148279356
24793975937300522374182373|1|148435608
24793975937300522374182373|1|144529760
24793975937300522374182373|1|144373514
24793975937300522374182373|4648407870367|103436306
24793975937300522374182373|1|144373514
24793975937300522374182373|1|147654362
24793975937300522374182373|1|147498109
24793975937300522374182373|1|147654362
24793975937300522374182373|1|147966854
24793975937300522374182373|1|147342041
24793975937300522374182373|1|146560801
24793975937300522374182373|1|147029549
24793975937300522374182373|1|147185795
24793975937300522374182373|1|147654541
24793975937300522374182373|1|147654541
24793975937300522374182373|1|147342045
24793975937300522374182373|1|147654541
24793975937300522374182373|1|148435780
24793975937300522374182373|1|147810793
24793975937300522374182373|1|147654540
24793975937300522374182373|1|148279531
24793975937300522374182373|1|148592027
24793975937300522374182373|1|147967033
24793975937300522374182373|1|147967033
24793975937300522374182373|1|148279532
24793975937300522374182373|1|142654784
24793975937300522374182373|1|142654784
24793975937300522374182373|5333864116219|27187186
24793975937300522374182373|1|142342285
24793975937300522374182373|1|146716871
24793975937300522374182373|1|146716871
24793975937300522374182373|1|146560615
24793975937300522374182373|1|146873114
24793975937300522374182373|1|138592325
24793975937300522374182373|4648407870367|3906203
24793975937300522374182373|5333864116219|17031234
24793975937300522374182373|1|138592325
24793975937300522374182373|1|146872869
24793975937300522374182373|1|146091511
24793975937300522374182373|1|145935266
24793975937300522374182373|1|145779014
24793975937300522374182373|5333864116219|14218371
24793975937300522374182373|1|142185012
24793975937300522374182373|1|142185012
24793975937300522374182373|1|142341264
24793975937300522374182373|1|137028621
24793975937300522374182373|1|137341121
24793975937300522374182373|1|137028621
24793975937300522374182373|1|137341121
24793975937300522374182373|1|144841149
24793975937300522374182373|1|144841149
24793975937300522374182373|1|145309891
24793975937300522374182373|1|144841149
24793975937300522374182373|1|142341393
24793975937300522374182373|1|142341393
24793975937300522374182373|4648407870367|2499956
24793975937300522374182373|1|142341393
24793975937300522374182373|1|146403445
24793975937300522374182373|1|146559694
24793975937300522374182373|1|146559694
24793975937300522374182373|1|147184813
