140857019635921105652383|1|130622713
140857019635921105652383|179750004997|109529159
140857019635921105652383|179750004997|22655714
140857019635921105652383|783627347539|52342681
140857019635921105652383|783627347539|82810840
140857019635921105652383|1|133747430
140857019635921105652383|179750004997|116560236
140857019635921105652383|1|133903678
140857019635921105652383|179750004997|49217871
140857019635921105652383|1|132497631
140857019635921105652383|783627347539|68905016
140857019635921105652383|179750004997|79217338
140857019635921105652383|1|127341472
140857019635921105652383|783627347539|3437436
140857019635921105652383|179750004997|10624809
140857019635921105652383|1|127497718
140857019635921105652383|783627347539|44374211
140857019635921105652383|1|127185230
140857019635921105652383|1|127341475
140857019635921105652383|179750004997|5937398
140857019635921105652383|783627347539|4374923
140857019635921105652383|783627347539|46717915
140857019635921105652383|179750004997|12499776
140857019635921105652383|1|125779186
140857019635921105652383|179750004997|6093458
140857019635921105652383|1|130622481
140857019635921105652383|179750004997|104529196
140857019635921105652383|1|130309984
140857019635921105652383|1|133903857
140857019635921105652383|1|134060099
140857019635921105652383|1|133747609
140857019635921105652383|1|133747609
140857019635921105652383|1|136091322
140857019635921105652383|1|135935074
140857019635921105652383|1|135935074
140857019635921105652383|1|135778826
140857019635921105652383|1|135622574
140857019635921105652383|1|134841338
140857019635921105652383|1|135310077
140857019635921105652383|1|135153832
140857019635921105652383|179750004997|7343618
140857019635921105652383|179750004997|28749486
140857019635921105652383|1|128278960
140857019635921105652383|1|128591450
140857019635921105652383|1|135153835
140857019635921105652383|1|134997586
140857019635921105652383|1|134997586
140857019635921105652383|1|135778822
140857019635921105652383|179750004997|67811290
140857019635921105652383|1|134997586
140857019635921105652383|1|135153835
140857019635921105652383|1|135466328
140857019635921105652383|783627347539|5624901
140857019635921105652383|179750004997|56873989
140857019635921105652383|1|128903944
140857019635921105652383|1|128903944
140857019635921105652383|1|135310086
140857019635921105652383|1|136091322
140857019635921105652383|179750004997|32343174
140857019635921105652383|1|135935070
140857019635921105652383|1|135622574
140857019635921105652383|1|135310080
140857019635921105652383|1|135153832
140857019635921105652383|1|135310080
140857019635921105652383|783627347539|127497720
140857019635921105652383|1|136560057
140857019635921105652383|1|136716306
140857019635921105652383|1|136716306
140857019635921105652383|1|136403809
140857019635921105652383|783627347539|111560504
140857019635921105652383|1|136091322
140857019635921105652383|1|135935064
140857019635921105652383|1|133435115
140857019635921105652383|1|133591360
140857019635921105652383|1|133122622
140857019635921105652383|179750004997|12812273
140857019635921105652383|783627347539|22030859
140857019635921105652383|1|127810218
140857019635921105652383|179750004997|116560419
140857019635921105652383|783627347539|3906182
140857019635921105652383|1|130466418
140857019635921105652383|179750004997|1718719
140857019635921105652383|1|130153921
140857019635921105652383|179750004997|48124138
140857019635921105652383|1|135153831
140857019635921105652383|1|136247564
140857019635921105652383|1|135466325
140857019635921105652383|1|138591396
140857019635921105652383|1|135778697
140857019635921105652383|1|135309955
140857019635921105652383|1|135466203
140857019635921105652383|1|135466203
140857019635921105652383|783627347539|104529380
140857019635921105652383|1|124372774
140857019635921105652383|1|124841516
140857019635921105652383|1|125622762
140857019635921105652383|179750004997|11406037
140857019635921105652383|1|124841633
140857019635921105652383|783627347539|6874869
140857019635921105652383|179750004997|4999904
59238680283836167432699|166150077883|4687294
59238680283836167432699|1|125622630
59238680283836167432699|1|125778878
59238680283836167432699|356537180353|32499296
59238680283836167432699|1|134060106
59238680283836167432699|1|134372599
59238680283836167432699|1|134216354
59238680283836167432699|1|134841341
59238680283836167432699|1|132497628
59238680283836167432699|1|131872641
59238680283836167432699|1|131716392
59238680283836167432699|1|131716392
59238680283836167432699|1|132966373
59238680283836167432699|1|132653880
59238680283836167432699|1|132810128
59238680283836167432699|1|132497635
59238680283836167432699|1|130310170
59238680283836167432699|1|130153925
59238680283836167432699|1|129997679
59238680283836167432699|166150077883|1406226
59238680283836167432699|166150077883|1093749
59238680283836167432699|166150077883|1562481
59238680283836167432699|1|125779004
59238680283836167432699|1|125622755
59238680283836167432699|356537180353|44374205
59238680283836167432699|1|131560147
59238680283836167432699|1|131560147
59238680283836167432699|1|131560147
59238680283836167432699|166150077883|10156070
59238680283836167432699|1|125310385
59238680283836167432699|166150077883|12812270
59238680283836167432699|356537180353|71873713
59238680283836167432699|166150077883|25936911
59238680283836167432699|356537180353|624864
59238680283836167432699|1|124529023
59238680283836167432699|356537180353|22186978
59238680283836167432699|1|131716269
59238680283836167432699|356537180353|34999252
59238680283836167432699|1|131091282
59238680283836167432699|1|131247527
59238680283836167432699|1|133591364
59238680283836167432699|1|133278871
59238680283836167432699|1|132966374
59238680283836167432699|356537180353|120935339
59238680283836167432699|1|134372599
59238680283836167432699|1|133903854
59238680283836167432699|1|133747606
59238680283836167432699|356537180353|103591897
59238680283836167432699|1|123591536
59238680283836167432699|1|123279043
59238680283836167432699|356537180353|35624362
59238680283836167432699|356537180353|25624541
59238680283836167432699|166150077883|100779451
59238680283836167432699|166150077883|25468299
59238680283836167432699|1|129997676
59238680283836167432699|1|129841431
59238680283836167432699|166150077883|7031127
59238680283836167432699|1|124529023
59238680283836167432699|166150077883|26562028
59238680283836167432699|1|124685275
59238680283836167432699|356537180353|1718716
59238680283836167432699|166150077883|23593327
59238680283836167432699|1|125778998
59238680283836167432699|1|125466504
59238680283836167432699|1|132497631
59238680283836167432699|1|132810128
59238680283836167432699|1|133278866
59238680283836167432699|1|132497631
59238680283836167432699|356537180353|95310799
59238680283836167432699|1|125466637
59238680283836167432699|166150077883|26562028
59238680283836167432699|356537180353|4374927
59238680283836167432699|166150077883|11093428
59238680283836167432699|1|128747569
59238680283836167432699|1|128903817
59238680283836167432699|1|128903817
59238680283836167432699|1|132341386
59238680283836167432699|356537180353|34530642
59238680283836167432699|1|131872644
59238680283836167432699|1|132028889
59238680283836167432699|166150077883|13593506
59238680283836167432699|1|131560144
59238680283836167432699|1|131091402
59238680283836167432699|1|131403899
59238680283836167432699|356537180353|4999914
59238680283836167432699|356537180353|15937219
59238680283836167432699|1|124997941
59238680283836167432699|166150077883|18905913
59238680283836167432699|1|131247481
59238680283836167432699|166150077883|56092573
59238680283836167432699|1|131559975
59238680283836167432699|1|131247481
59238680283836167432699|1|136091315
59238680283836167432699|1|136091315
59238680283836167432699|1|135622573
59238680283836167432699|166150077883|127028978
59238680283836167432699|1|131091405
59238680283836167432699|166150077883|23593334
59238680283836167432699|1|130466418
59238680283836167432699|1|130778912
83126326751968433011501|142516280743|8906092
83126326751968433011501|1|131716575
83126326751968433011501|142516280743|95467044
83126326751968433011501|1|131716575
83126326751968433011501|583276004107|12343352
83126326751968433011501|1|124685225
83126326751968433011501|142516280743|59373761
83126326751968433011501|142516280743|4374744
83126326751968433011501|1|136247435
83126326751968433011501|1|136091186
83126326751968433011501|1|136716177
83126326751968433011501|1|136403680
83126326751968433011501|1|133435109
83126326751968433011501|1|133278863
83126326751968433011501|142516280743|33905642
83126326751968433011501|142516280743|124529020
83126326751968433011501|1|135466331
83126326751968433011501|1|135153838
83126326751968433011501|1|135310083
83126326751968433011501|583276004107|56873984
83126326751968433011501|583276004107|92342098
83126326751968433011501|583276004107|5624901
83126326751968433011501|583276004107|22655843
83126326751968433011501|1|126091624
83126326751968433011501|1|125778872
83126326751968433011501|583276004107|7343492
83126326751968433011501|1|125778872
83126326751968433011501|1|125778872
83126326751968433011501|1|134216350
83126326751968433011501|1|134216350
83126326751968433011501|1|134372602
83126326751968433011501|1|133747612
83126326751968433011501|142516280743|106873085
83126326751968433011501|1|134997583
83126326751968433011501|1|135310080
83126326751968433011501|1|135153828
83126326751968433011501|1|126091677
83126326751968433011501|142516280743|17812360
83126326751968433011501|1|125935418
83126326751968433011501|583276004107|13437254
83126326751968433011501|1|135466143
83126326751968433011501|1|135309898
83126326751968433011501|1|135622391
83126326751968433011501|1|135622391
83126326751968433011501|142516280743|1562472
83126326751968433011501|1|126560363
83126326751968433011501|142516280743|3593688
83126326751968433011501|583276004107|75311153
83126326751968433011501|1|136247438
83126326751968433011501|1|135934944
83126326751968433011501|1|136559931
83126326751968433011501|1|135934944
83126326751968433011501|1|133122619
83126326751968433011501|1|132341386
83126326751968433011501|1|132810125
83126326751968433011501|1|132497632
83126326751968433011501|583276004107|36561849
83126326751968433011501|1|131716584
83126326751968433011501|1|131716584
83126326751968433011501|1|131560332
83126326751968433011501|1|130153736
83126326751968433011501|1|130466232
83126326751968433011501|1|129997490
83126326751968433011501|142516280743|1718534
83126326751968433011501|1|130778912
83126326751968433011501|142516280743|33905646
83126326751968433011501|1|130622663
83126326751968433011501|1|131091406
83126326751968433011501|142516280743|114997944
83126326751968433011501|583276004107|13749754
83126326751968433011501|1|129060324
83126326751968433011501|583276004107|19843394
83126326751968433011501|1|135153702
83126326751968433011501|1|135153702
83126326751968433011501|1|134997454
83126326751968433011501|1|134997454
83126326751968433011501|1|133122622
83126326751968433011501|1|134528851
83126326751968433011501|1|135466329
83126326751968433011501|1|135153835
83126326751968433011501|1|129216440
83126326751968433011501|142516280743|20468384
83126326751968433011501|1|129060195
83126326751968433011501|583276004107|76873624
83126326751968433011501|1|128278966
83126326751968433011501|142516280743|4531169
83126326751968433011501|583276004107|127028979
83126326751968433011501|142516280743|53280300
83126326751968433011501|142516280743|26562018
83126326751968433011501|1|126091617
83126326751968433011501|583276004107|66248806
83126326751968433011501|583276004107|37811817
83126326751968433011501|583276004107|6562256
83126326751968433011501|1|125153885
83126326751968433011501|583276004107|1249849
83126326751968433011501|1|124841388
83126326751968433011501|1|135466328
83126326751968433011501|1|135153831
83126326751968433011501|1|134997583
83126326751968433011501|1|135310080
548895361558830092852833|1|136560058
548895361558830092852833|1|136091319
548895361558830092852833|1|136091319
548895361558830092852833|661666671503|32811913
548895361558830092852833|829564772111|31561935
548895361558830092852833|1|134841338
548895361558830092852833|1|133278867
548895361558830092852833|1|134528844
548895361558830092852833|1|136560057
548895361558830092852833|829564772111|49061622
548895361558830092852833|1|135310080
548895361558830092852833|1|136091315
548895361558830092852833|1|132810125
548895361558830092852833|829564772111|8593599
548895361558830092852833|1|132653880
548895361558830092852833|1|132028890
548895361558830092852833|1|135310084
548895361558830092852833|661666671503|51561578
548895361558830092852833|1|134841342
548895361558830092852833|1|133903857
548895361558830092852833|1|139685000
548895361558830092852833|1|139216258
548895361558830092852833|1|137810035
548895361558830092852833|1|139060013
548895361558830092852833|829564772111|38124320
548895361558830092852833|1|134372774
548895361558830092852833|1|133278870
548895361558830092852833|1|134372774
548895361558830092852833|1|135934896
548895361558830092852833|1|136091147
548895361558830092852833|829564772111|15312050
548895361558830092852833|1|134684918
548895361558830092852833|1|131247823
548895361558830092852833|661666671503|63748854
548895361558830092852833|829564772111|130622657
548895361558830092852833|661666671503|1718717
548895361558830092852833|1|139684828
548895361558830092852833|1|139059837
548895361558830092852833|1|138903592
548895361558830092852833|1|137497369
548895361558830092852833|661666671503|7656114
548895361558830092852833|661666671503|59373936
548895361558830092852833|1|132185134
548895361558830092852833|1|131091405
548895361558830092852833|1|137341479
548895361558830092852833|1|137810224
548895361558830092852833|1|137653972
548895361558830092852833|829564772111|72967449
548895361558830092852833|1|138278777
548895361558830092852833|1|136872366
548895361558830092852833|1|137809850
548895361558830092852833|1|138278777
548895361558830092852833|829564772111|8749658
548895361558830092852833|1|135309895
548895361558830092852833|1|134372414
548895361558830092852833|1|135622389
548895361558830092852833|829564772111|34843129
548895361558830092852833|1|131872643
548895361558830092852833|1|132966548
548895361558830092852833|661666671503|11249798
548895361558830092852833|1|134528669
548895361558830092852833|661666671503|46248998
548895361558830092852833|1|133903682
548895361558830092852833|829564772111|83748327
548895361558830092852833|661666671503|22499601
548895361558830092852833|661666671503|69998752
548895361558830092852833|1|129529063
548895361558830092852833|661666671503|14843487
548895361558830092852833|661666671503|58592575
548895361558830092852833|661666671503|25780663
548895361558830092852833|1|130310044
548895361558830092852833|1|131247528
548895361558830092852833|1|133903860
548895361558830092852833|1|133747612
548895361558830092852833|1|133747612
548895361558830092852833|829564772111|25155798
548895361558830092852833|829564772111|100310882
548895361558830092852833|829564772111|15780961
548895361558830092852833|1|130779031
548895361558830092852833|661666671503|7343614
548895361558830092852833|1|138591148
548895361558830092852833|1|139059890
548895361558830092852833|1|137341171
548895361558830092852833|1|138591148
548895361558830092852833|1|140309994
548895361558830092852833|1|138435026
548895361558830092852833|1|139685004
548895361558830092852833|1|139685004
548895361558830092852833|1|138122526
548895361558830092852833|1|136560055
548895361558830092852833|1|137810032
548895361558830092852833|1|137653787
548895361558830092852833|1|140466242
548895361558830092852833|1|139372516
548895361558830092852833|1|139528758
548895361558830092852833|1|138122539
548895361558830092852833|1|130778912
548895361558830092852833|661666671503|14218500
548895361558830092852833|1|130778912
548895361558830092852833|829564772111|25780786
566610851239915736986913|1|137028972
566610851239915736986913|791333353189|90310884
566610851239915736986913|1|136247564
566610851239915736986913|1|137028972
566610851239915736986913|1|129216390
566610851239915736986913|791333353189|15312053
566610851239915736986913|791333353189|5312232
566610851239915736986913|791333353189|4218503
566610851239915736986913|791333353189|18437046
566610851239915736986913|1|133747483
566610851239915736986913|1|134684974
566610851239915736986913|1|134684974
566610851239915736986913|1|134528841
566610851239915736986913|1|134372593
566610851239915736986913|791333353189|31093186
566610851239915736986913|1|134841335
566610851239915736986913|1|131247653
566610851239915736986913|716020434317|1718719
566610851239915736986913|1|130310169
566610851239915736986913|716020434317|25155798
566610851239915736986913|791333353189|2031213
566610851239915736986913|1|131247829
566610851239915736986913|1|131560319
566610851239915736986913|1|130310166
566610851239915736986913|716020434317|100623031
566610851239915736986913|1|140309819
566610851239915736986913|1|139841080
566610851239915736986913|1|138747348
566610851239915736986913|1|134528844
566610851239915736986913|1|134216351
566610851239915736986913|1|134216351
566610851239915736986913|791333353189|6093640
566610851239915736986913|716020434317|26249531
566610851239915736986913|791333353189|105154372
566610851239915736986913|1|131091534
566610851239915736986913|716020434317|9062341
566610851239915736986913|1|139059888
566610851239915736986913|1|139059888
566610851239915736986913|1|137809910
566610851239915736986913|1|139372378
566610851239915736986913|791333353189|9374837
566610851239915736986913|1|133747612
566610851239915736986913|1|134372606
566610851239915736986913|1|134841517
566610851239915736986913|1|137966108
566610851239915736986913|1|137184876
566610851239915736986913|1|137653614
566610851239915736986913|1|138434853
566610851239915736986913|716020434317|781236
566610851239915736986913|716020434317|102654410
566610851239915736986913|1|134841510
566610851239915736986913|1|134841510
566610851239915736986913|1|138278606
566610851239915736986913|1|136872380
566610851239915736986913|1|138278606
566610851239915736986913|1|138278606
566610851239915736986913|1|128591449
566610851239915736986913|791333353189|4843665
566610851239915736986913|791333353189|9999821
566610851239915736986913|1|129529066
566610851239915736986913|1|134216218
566610851239915736986913|1|134997633
566610851239915736986913|791333353189|65623693
566610851239915736986913|1|133747480
566610851239915736986913|716020434317|17812002
566610851239915736986913|1|134841159
566610851239915736986913|1|135153653
566610851239915736986913|1|134528665
566610851239915736986913|1|138747522
566610851239915736986913|1|138435029
566610851239915736986913|791333353189|47811647
566610851239915736986913|1|137185048
566610851239915736986913|1|134060099
566610851239915736986913|1|133747609
566610851239915736986913|791333353189|16718448
566610851239915736986913|1|133903854
566610851239915736986913|1|139060017
566610851239915736986913|1|138747523
566610851239915736986913|1|138747523
566610851239915736986913|1|138747523
566610851239915736986913|1|136716302
566610851239915736986913|1|136716302
566610851239915736986913|1|136716302
566610851239915736986913|791333353189|7656114
566610851239915736986913|1|135153839
566610851239915736986913|791333353189|5781150
566610851239915736986913|1|135153839
566610851239915736986913|1|135310087
566610851239915736986913|1|132497628
566610851239915736986913|716020434317|2187459
566610851239915736986913|1|132653873
566610851239915736986913|1|132810122
566610851239915736986913|716020434317|41874249
566610851239915736986913|1|137028985
566610851239915736986913|1|136872740
566610851239915736986913|1|137185230
566610851239915736986913|1|138122350
566610851239915736986913|1|138434840
566610851239915736986913|1|137966098
566610851239915736986913|791333353189|100310523
103278099597913356032069|1|132497807
103278099597913356032069|1|132185317
103278099597913356032069|743237280287|74529924
103278099597913356032069|138957103387|125779004
103278099597913356032069|743237280287|3437270
103278099597913356032069|1|129997504
103278099597913356032069|1|132185088
103278099597913356032069|743237280287|126872558
103278099597913356032069|1|131872521
103278099597913356032069|138957103387|27811879
103278099597913356032069|1|130778792
103278099597913356032069|1|132185011
103278099597913356032069|1|131403902
103278099597913356032069|1|130778915
103278099597913356032069|138957103387|77654863
103278099597913356032069|138957103387|90310888
103278099597913356032069|1|133278867
103278099597913356032069|1|132185138
103278099597913356032069|743237280287|16562207
103278099597913356032069|1|133435116
103278099597913356032069|1|133122803
103278099597913356032069|1|133122803
103278099597913356032069|138957103387|5312407
103278099597913356032069|1|133122803
103278099597913356032069|138957103387|13437076
103278099597913356032069|1|126247555
103278099597913356032069|1|125778819
103278099597913356032069|138957103387|8280916
103278099597913356032069|1|134372602
103278099597913356032069|138957103387|86560958
103278099597913356032069|1|132653882
103278099597913356032069|1|134060112
103278099597913356032069|743237280287|78592344
103278099597913356032069|1|131716568
103278099597913356032069|1|131872816
103278099597913356032069|1|130778912
103278099597913356032069|743237280287|9999646
103278099597913356032069|1|129528759
103278099597913356032069|1|129216265
103278099597913356032069|1|128278784
103278099597913356032069|743237280287|4374923
103278099597913356032069|138957103387|1718719
103278099597913356032069|1|127029157
103278099597913356032069|1|127185402
103278099597913356032069|1|128903771
103278099597913356032069|138957103387|2187286
103278099597913356032069|138957103387|81248372
103278099597913356032069|1|128903771
103278099597913356032069|1|132810125
103278099597913356032069|743237280287|58280208
103278099597913356032069|1|132810125
103278099597913356032069|1|133278867
103278099597913356032069|1|130622838
103278099597913356032069|1|129685179
103278099597913356032069|138957103387|1406226
103278099597913356032069|1|131091577
103278099597913356032069|1|136403641
103278099597913356032069|1|135778653
103278099597913356032069|1|134684921
103278099597913356032069|1|136091144
103278099597913356032069|1|133903857
103278099597913356032069|138957103387|17187193
103278099597913356032069|1|133122618
103278099597913356032069|1|134216350
103278099597913356032069|1|133747609
103278099597913356032069|1|133747609
103278099597913356032069|743237280287|67342545
103278099597913356032069|1|132341383
103278099597913356032069|1|130153921
103278099597913356032069|1|130778912
103278099597913356032069|1|131247654
103278099597913356032069|743237280287|30936948
103278099597913356032069|743237280287|9843572
103278099597913356032069|1|119997854
103278099597913356032069|743237280287|26093282
103278099597913356032069|1|120935338
103278099597913356032069|1|131716568
103278099597913356032069|1|131404078
103278099597913356032069|1|130310170
103278099597913356032069|743237280287|5937398
103278099597913356032069|138957103387|26405604
103278099597913356032069|1|126091319
103278099597913356032069|1|126872733
103278099597913356032069|138957103387|16874525
103278099597913356032069|138957103387|2656029
103278099597913356032069|1|130153753
103278099597913356032069|1|129528759
103278099597913356032069|1|130622663
103278099597913356032069|138957103387|5624726
103278099597913356032069|743237280287|19843222
103278099597913356032069|1|127966287
103278099597913356032069|1|127966287
103278099597913356032069|138957103387|11406048
103278099597913356032069|138957103387|26249531
103278099597913356032069|743237280287|2187462
103278099597913356032069|1|126247869
103278099597913356032069|138957103387|62186445
103278099597913356032069|138957103387|111091812
103278099597913356032069|743237280287|30780574
103278099597913356032069|1|129216315
606787770214544489066453|1|138903950
606787770214544489066453|1|137341293
606787770214544489066453|1|138591453
606787770214544489066453|1|139060198
606787770214544489066453|1|137966284
606787770214544489066453|1|137028618
606787770214544489066453|1|137653608
606787770214544489066453|1|137809853
606787770214544489066453|672356397851|119372682
606787770214544489066453|1|137653605
606787770214544489066453|1|138591089
606787770214544489066453|1|139060003
606787770214544489066453|672356397851|22343177
606787770214544489066453|1|133591357
606787770214544489066453|1|133435115
606787770214544489066453|672356397851|117966466
606787770214544489066453|1|137497545
606787770214544489066453|1|136091147
606787770214544489066453|902479357903|59530016
606787770214544489066453|1|137497545
606787770214544489066453|1|136403822
606787770214544489066453|1|135934898
606787770214544489066453|1|136091332
606787770214544489066453|672356397851|25780616
606787770214544489066453|1|132341327
606787770214544489066453|1|130778726
606787770214544489066453|1|131716389
606787770214544489066453|902479357903|5937210
606787770214544489066453|902479357903|2343581
606787770214544489066453|902479357903|22187157
606787770214544489066453|902479357903|75154778
606787770214544489066453|672356397851|129216440
606787770214544489066453|1|139372566
606787770214544489066453|1|137966158
606787770214544489066453|1|138903824
606787770214544489066453|1|138903824
606787770214544489066453|1|137341108
606787770214544489066453|1|135934885
606787770214544489066453|672356397851|34217953
606787770214544489066453|1|137184863
606787770214544489066453|1|137028985
606787770214544489066453|902479357903|21405869
606787770214544489066453|1|136404001
606787770214544489066453|1|136560243
606787770214544489066453|1|141091233
606787770214544489066453|1|140466061
606787770214544489066453|1|141091233
606787770214544489066453|1|140153564
606787770214544489066453|902479357903|99685530
606787770214544489066453|902479357903|24218132
606787770214544489066453|1|132341194
606787770214544489066453|672356397851|12343339
606787770214544489066453|902479357903|1718720
606787770214544489066453|672356397851|5156345
606787770214544489066453|1|129685364
606787770214544489066453|1|129997858
606787770214544489066453|1|140466236
606787770214544489066453|1|139372328
606787770214544489066453|1|140153567
606787770214544489066453|1|140778733
606787770214544489066453|1|133747602
606787770214544489066453|1|133591357
606787770214544489066453|902479357903|61248723
606787770214544489066453|672356397851|93435830
606787770214544489066453|1|137653800
606787770214544489066453|1|137653800
606787770214544489066453|1|137653800
606787770214544489066453|672356397851|36561673
606787770214544489066453|1|142184959
606787770214544489066453|1|141247289
606787770214544489066453|1|142028528
606787770214544489066453|1|142653688
606787770214544489066453|1|133747618
606787770214544489066453|902479357903|3281018
606787770214544489066453|1|134060109
606787770214544489066453|1|133747618
606787770214544489066453|1|138591095
606787770214544489066453|1|138278602
606787770214544489066453|1|137497363
606787770214544489066453|1|138122353
606787770214544489066453|672356397851|124997937
606787770214544489066453|1|137497668
606787770214544489066453|672356397851|122810310
606787770214544489066453|902479357903|120154100
606787770214544489066453|672356397851|58280078
606787770214544489066453|1|124216400
606787770214544489066453|1|123435165
606787770214544489066453|902479357903|97029392
606787770214544489066453|672356397851|16249710
606787770214544489066453|1|137653790
606787770214544489066453|1|137653790
606787770214544489066453|1|137497542
606787770214544489066453|1|132653880
606787770214544489066453|1|131716396
606787770214544489066453|1|132497635
606787770214544489066453|902479357903|2656204
606787770214544489066453|672356397851|40936766
606787770214544489066453|672356397851|19843394
606787770214544489066453|1|128904072
606787770214544489066453|902479357903|114997941
78572863338358703536757|329335769701|55467630
78572863338358703536757|238579803857|4843537
78572863338358703536757|238579803857|55467630
78572863338358703536757|1|127028979
78572863338358703536757|238579803857|78435969
78572863338358703536757|1|128435254
78572863338358703536757|1|128747751
78572863338358703536757|329335769701|12968393
78572863338358703536757|1|125310077
78572863338358703536757|238579803857|19374645
78572863338358703536757|238579803857|7499684
78572863338358703536757|238579803857|12187101
78572863338358703536757|238579803857|51405335
78572863338358703536757|1|133435290
78572863338358703536757|1|133591536
78572863338358703536757|1|132497634
78572863338358703536757|238579803857|64373675
78572863338358703536757|238579803857|14843314
78572863338358703536757|1|126091322
78572863338358703536757|1|127028806
78572863338358703536757|1|129841603
78572863338358703536757|1|129685358
78572863338358703536757|238579803857|5156159
78572863338358703536757|1|128747698
78572863338358703536757|1|134060109
78572863338358703536757|1|133903867
78572863338358703536757|1|132341210
78572863338358703536757|1|134372602
78572863338358703536757|1|134841335
78572863338358703536757|1|134216355
78572863338358703536757|1|133278688
78572863338358703536757|1|134528848
78572863338358703536757|1|130466418
78572863338358703536757|238579803857|1874796
78572863338358703536757|1|129372513
78572863338358703536757|1|130778918
78572863338358703536757|238579803857|19530718
78572863338358703536757|1|122185323
78572863338358703536757|1|122966545
78572863338358703536757|1|122497813
78572863338358703536757|1|135466154
78572863338358703536757|1|135153663
78572863338358703536757|1|134841166
78572863338358703536757|1|134841166
78572863338358703536757|1|127341650
78572863338358703536757|329335769701|3124945
78572863338358703536757|329335769701|69217512
78572863338358703536757|1|126091494
78572863338358703536757|1|134216358
78572863338358703536757|1|134216358
78572863338358703536757|1|134216358
78572863338358703536757|238579803857|13905828
78572863338358703536757|329335769701|8124671
78572863338358703536757|1|124997583
78572863338358703536757|1|126247557
78572863338358703536757|238579803857|33124221
78572863338358703536757|1|131403902
78572863338358703536757|1|131403902
78572863338358703536757|238579803857|7968612
78572863338358703536757|1|130466418
78572863338358703536757|238579803857|119060374
78572863338358703536757|238579803857|57498972
78572863338358703536757|1|132810300
78572863338358703536757|1|132654059
78572863338358703536757|238579803857|2812277
78572863338358703536757|329335769701|27968075
78572863338358703536757|1|128278914
78572863338358703536757|238579803857|107341658
78572863338358703536757|1|126872730
78572863338358703536757|1|125778868
78572863338358703536757|329335769701|5937272
78572863338358703536757|329335769701|13749625
78572863338358703536757|1|125310258
78572863338358703536757|238579803857|7343488
78572863338358703536757|1|124372645
78572863338358703536757|238579803857|1874839
78572863338358703536757|238579803857|27186886
78572863338358703536757|1|129997680
78572863338358703536757|1|128591324
78572863338358703536757|329335769701|49373990
78572863338358703536757|238579803857|5156030
78572863338358703536757|1|132028932
78572863338358703536757|1|131403766
78572863338358703536757|1|132028932
78572863338358703536757|329335769701|62967449
78572863338358703536757|1|132184962
78572863338358703536757|1|132966197
78572863338358703536757|329335769701|58748777
78572863338358703536757|1|132966374
78572863338358703536757|329335769701|14062248
78572863338358703536757|1|132497635
78572863338358703536757|1|133122794
78572863338358703536757|1|130622494
78572863338358703536757|1|130935167
78572863338358703536757|238579803857|7499694
78572863338358703536757|329335769701|127497549
78572863338358703536757|1|131872644
78572863338358703536757|1|132028895
78572863338358703536757|238579803857|5937212
78572863338358703536757|1|131872644
115287089167041485828969|1|129997488
115287089167041485828969|1|129997488
115287089167041485828969|437977704911|7343433
115287089167041485828969|1|129841431
115287089167041485828969|437977704911|1718723
115287089167041485828969|1|129529106
115287089167041485828969|1|129841602
115287089167041485828969|1|128591453
115287089167041485828969|263225931079|23593155
115287089167041485828969|1|125466336
115287089167041485828969|1|126403816
115287089167041485828969|437977704911|10937137
115287089167041485828969|1|134372600
115287089167041485828969|1|134216354
115287089167041485828969|1|135466332
115287089167041485828969|1|135466332
115287089167041485828969|263225931079|84217242
115287089167041485828969|1|131091405
115287089167041485828969|437977704911|3281191
115287089167041485828969|1|131247654
115287089167041485828969|437977704911|19843394
115287089167041485828969|1|132810124
115287089167041485828969|1|133591357
115287089167041485828969|1|133591357
115287089167041485828969|437977704911|72342458
115287089167041485828969|263225931079|42342995
115287089167041485828969|1|132497760
115287089167041485828969|1|130935163
115287089167041485828969|1|128903824
115287089167041485828969|1|128747576
115287089167041485828969|437977704911|34999248
115287089167041485828969|1|127966337
115287089167041485828969|1|127185224
115287089167041485828969|263225931079|25624537
115287089167041485828969|1|127028972
115287089167041485828969|263225931079|18280920
115287089167041485828969|1|134372596
115287089167041485828969|1|134060102
115287089167041485828969|1|133747605
115287089167041485828969|1|134216347
115287089167041485828969|437977704911|57655217
115287089167041485828969|263225931079|10937305
115287089167041485828969|437977704911|18124671
115287089167041485828969|1|125466679
115287089167041485828969|437977704911|39686616
115287089167041485828969|263225931079|124060109
115287089167041485828969|263225931079|1406051
115287089167041485828969|1|125466507
115287089167041485828969|263225931079|8280930
115287089167041485828969|437977704911|18124502
115287089167041485828969|1|127341300
115287089167041485828969|1|128435155
115287089167041485828969|1|134685166
115287089167041485828969|1|134528722
115287089167041485828969|1|134841398
115287089167041485828969|1|133903732
115287089167041485828969|1|125935236
115287089167041485828969|263225931079|14530993
115287089167041485828969|263225931079|1718537
115287089167041485828969|263225931079|15155970
115287089167041485828969|1|127966290
115287089167041485828969|437977704911|28749317
115287089167041485828969|437977704911|37030415
115287089167041485828969|1|128278784
115287089167041485828969|437977704911|19062162
115287089167041485828969|1|131560150
115287089167041485828969|263225931079|111404263
115287089167041485828969|1|132028892
115287089167041485828969|1|135310080
115287089167041485828969|1|135310080
115287089167041485828969|1|134841338
115287089167041485828969|1|135466329
115287089167041485828969|1|133903854
115287089167041485828969|1|132810125
115287089167041485828969|437977704911|43592969
115287089167041485828969|1|133747605
115287089167041485828969|437977704911|28749486
115287089167041485828969|1|126872905
115287089167041485828969|1|126716657
115287089167041485828969|437977704911|12343531
115287089167041485828969|1|132341211
115287089167041485828969|437977704911|46249001
115287089167041485828969|1|132184966
115287089167041485828969|1|131403727
115287089167041485828969|437977704911|10781057
115287089167041485828969|1|130935156
115287089167041485828969|1|131247653
115287089167041485828969|1|131247653
115287089167041485828969|1|134685097
115287089167041485828969|1|134216351
115287089167041485828969|1|133903858
115287089167041485828969|1|134528845
115287089167041485828969|263225931079|4999907
115287089167041485828969|263225931079|72655071
115287089167041485828969|437977704911|61248898
115287089167041485828969|263225931079|5468655
115287089167041485828969|1|125622630
115287089167041485828969|437977704911|11093428
115287089167041485828969|263225931079|5624775
115287089167041485828969|1|125622630
301862555029326960014267|1|132653870
301862555029326960014267|307713925847|12968509
301862555029326960014267|1|132966367
301862555029326960014267|307713925847|82811009
301862555029326960014267|1|134216529
301862555029326960014267|1|133122615
301862555029326960014267|1|134372768
301862555029326960014267|980984380861|13593505
301862555029326960014267|980984380861|68748595
301862555029326960014267|1|132809952
301862555029326960014267|307713925847|47655227
301862555029326960014267|1|134059930
301862555029326960014267|1|139685003
301862555029326960014267|1|139685003
301862555029326960014267|1|139685003
301862555029326960014267|1|139060016
301862555029326960014267|1|136872555
301862555029326960014267|1|136872555
301862555029326960014267|1|136872555
301862555029326960014267|1|137028807
301862555029326960014267|1|129997841
301862555029326960014267|980984380861|66248812
301862555029326960014267|307713925847|44530446
301862555029326960014267|307713925847|2812445
301862555029326960014267|1|136872382
301862555029326960014267|1|137497370
301862555029326960014267|1|137497370
301862555029326960014267|1|137966112
301862555029326960014267|980984380861|9531079
301862555029326960014267|307713925847|34999374
301862555029326960014267|1|126872862
301862555029326960014267|307713925847|4218675
301862555029326960014267|1|134841388
301862555029326960014267|980984380861|120622713
301862555029326960014267|1|134685136
301862555029326960014267|307713925847|10468438
301862555029326960014267|1|138122350
301862555029326960014267|1|138591095
301862555029326960014267|1|138434847
301862555029326960014267|1|137341114
301862555029326960014267|1|136097424
301862555029326960014267|307713925847|18124685
301862555029326960014267|1|136727984
301862555029326960014267|1|135516997
301862555029326960014267|1|130223954
301862555029326960014267|1|130380195
301862555029326960014267|307713925847|11944640
301862555029326960014267|307713925847|23819426
301862555029326960014267|1|127341426
301862555029326960014267|1|125935250
301862555029326960014267|307713925847|12968532
301862555029326960014267|980984380861|1874790
301862555029326960014267|1|123591589
301862555029326960014267|307713925847|2968572
301862555029326960014267|980984380861|15312097
301862555029326960014267|1|122029114
301862555029326960014267|1|138122357
301862555029326960014267|1|138278605
301862555029326960014267|1|137966105
301862555029326960014267|1|137966105
301862555029326960014267|1|131091577
301862555029326960014267|307713925847|43280473
301862555029326960014267|1|131091577
301862555029326960014267|307713925847|7187369
301862555029326960014267|1|131559975
301862555029326960014267|1|132028714
301862555029326960014267|980984380861|58436281
301862555029326960014267|980984380861|18124503
301862555029326960014267|1|138591271
301862555029326960014267|1|137810039
301862555029326960014267|1|138591271
301862555029326960014267|1|138591271
301862555029326960014267|980984380861|8281105
301862555029326960014267|307713925847|2187465
301862555029326960014267|1|129841434
301862555029326960014267|1|130310173
301862555029326960014267|980984380861|2968697
301862555029326960014267|1|133435297
301862555029326960014267|1|134685268
301862555029326960014267|1|134529020
301862555029326960014267|307713925847|3281016
301862555029326960014267|1|131559972
301862555029326960014267|980984380861|56561309
301862555029326960014267|1|132497456
301862555029326960014267|1|135466510
301862555029326960014267|1|135310269
301862555029326960014267|1|134997772
301862555029326960014267|307713925847|121872819
301862555029326960014267|1|136559876
301862555029326960014267|1|135934885
301862555029326960014267|1|136559876
301862555029326960014267|1|136559876
301862555029326960014267|1|134685265
301862555029326960014267|1|133903857
301862555029326960014267|1|134997759
301862555029326960014267|307713925847|23593330
301862555029326960014267|1|135466331
301862555029326960014267|1|135466331
301862555029326960014267|307713925847|3593512
301862555029326960014267|1|134216178
392471067116700709542059|855647284187|50467673
392471067116700709542059|1|136872379
392471067116700709542059|1|136559883
392471067116700709542059|1|136872379
392471067116700709542059|458683238257|12812267
392471067116700709542059|1|132966370
392471067116700709542059|1|133122622
392471067116700709542059|1|133122622
392471067116700709542059|1|137185055
392471067116700709542059|1|137341293
392471067116700709542059|1|136872548
392471067116700709542059|1|137028797
392471067116700709542059|1|132185131
392471067116700709542059|1|131872638
392471067116700709542059|458683238257|14843484
392471067116700709542059|458683238257|75936140
392471067116700709542059|1|134997590
392471067116700709542059|855647284187|37655582
392471067116700709542059|1|134372600
392471067116700709542059|1|134372600
392471067116700709542059|1|138278784
392471067116700709542059|1|138122532
392471067116700709542059|855647284187|119216622
392471067116700709542059|1|138122532
392471067116700709542059|1|120310345
392471067116700709542059|1|119997851
392471067116700709542059|855647284187|26562021
392471067116700709542059|458683238257|2343704
392471067116700709542059|1|134841338
392471067116700709542059|1|134997583
392471067116700709542059|1|135153832
392471067116700709542059|458683238257|7031124
392471067116700709542059|1|135466325
392471067116700709542059|1|135153834
392471067116700709542059|1|135310080
392471067116700709542059|458683238257|21093375
392471067116700709542059|1|139841252
392471067116700709542059|1|139841252
392471067116700709542059|1|139841252
392471067116700709542059|1|139997503
392471067116700709542059|1|128747692
392471067116700709542059|1|128747692
392471067116700709542059|458683238257|624984
392471067116700709542059|855647284187|3437436
392471067116700709542059|458683238257|110154282
392471067116700709542059|1|134216351
392471067116700709542059|458683238257|22968343
392471067116700709542059|1|134060106
392471067116700709542059|458683238257|32968164
392471067116700709542059|1|133747612
392471067116700709542059|1|134216351
392471067116700709542059|1|133903864
392471067116700709542059|855647284187|92342104
392471067116700709542059|1|134841338
392471067116700709542059|1|134997596
392471067116700709542059|855647284187|55624010
392471067116700709542059|1|130310160
392471067116700709542059|855647284187|11406037
392471067116700709542059|1|130466411
392471067116700709542059|855647284187|14374735
392471067116700709542059|1|136403810
392471067116700709542059|855647284187|92342098
392471067116700709542059|1|136403810
392471067116700709542059|1|136403810
392471067116700709542059|1|135153834
392471067116700709542059|855647284187|27187014
392471067116700709542059|1|134685092
392471067116700709542059|1|134841344
392471067116700709542059|1|128903944
392471067116700709542059|855647284187|24530811
392471067116700709542059|855647284187|17499691
392471067116700709542059|855647284187|36093111
392471067116700709542059|1|134216351
392471067116700709542059|1|134216351
392471067116700709542059|1|134372596
392471067116700709542059|458683238257|9374834
392471067116700709542059|1|137341296
392471067116700709542059|1|137653793
392471067116700709542059|1|137497545
392471067116700709542059|458683238257|131247657
392471067116700709542059|1|139060017
392471067116700709542059|1|137653794
392471067116700709542059|1|136872558
392471067116700709542059|1|137185055
392471067116700709542059|1|144997407
392471067116700709542059|1|140778736
392471067116700709542059|1|140778736
392471067116700709542059|1|142497455
392471067116700709542059|1|145934908
392471067116700709542059|1|142966198
392471067116700709542059|1|142966198
392471067116700709542059|1|142497456
392471067116700709542059|458683238257|42030485
392471067116700709542059|1|132966350
392471067116700709542059|1|133278844
392471067116700709542059|855647284187|14374729
392471067116700709542059|1|137497548
392471067116700709542059|1|137341297
392471067116700709542059|1|137653794
392471067116700709542059|1|137966284
142081496761138908890237|1|137185048
142081496761138908890237|1|136403812
142081496761138908890237|1|136716306
142081496761138908890237|1|136872554
142081496761138908890237|1|129997676
142081496761138908890237|724722968479|7968608
142081496761138908890237|1|129841431
142081496761138908890237|196049391203|90154639
142081496761138908890237|1|127966462
142081496761138908890237|1|127497720
142081496761138908890237|724722968479|18124677
142081496761138908890237|196049391203|5937395
142081496761138908890237|196049391203|63123996
142081496761138908890237|196049391203|4531172
142081496761138908890237|196049391203|6406134
142081496761138908890237|724722968479|38749308
142081496761138908890237|1|127341525
142081496761138908890237|196049391203|20624510
142081496761138908890237|1|127341525
142081496761138908890237|196049391203|4062307
142081496761138908890237|196049391203|3124767
142081496761138908890237|1|131559972
142081496761138908890237|1|131403723
142081496761138908890237|1|131559972
142081496761138908890237|196049391203|1406229
142081496761138908890237|1|129685354
142081496761138908890237|196049391203|72811200
142081496761138908890237|1|129372864
142081496761138908890237|196049391203|4999739
142081496761138908890237|1|132028717
142081496761138908890237|1|131872472
142081496761138908890237|1|132184969
142081496761138908890237|1|131091402
142081496761138908890237|1|130935153
142081496761138908890237|724722968479|12187279
142081496761138908890237|1|130778908
142081496761138908890237|196049391203|33280654
142081496761138908890237|196049391203|2187461
142081496761138908890237|1|127497720
142081496761138908890237|196049391203|7656114
142081496761138908890237|1|136091319
142081496761138908890237|1|137185045
142081496761138908890237|1|136716303
142081496761138908890237|1|136247568
142081496761138908890237|1|134060106
142081496761138908890237|1|133747612
142081496761138908890237|196049391203|57655224
142081496761138908890237|1|134216354
142081496761138908890237|1|131403902
142081496761138908890237|1|131247654
142081496761138908890237|724722968479|13281012
142081496761138908890237|1|131247654
142081496761138908890237|1|137966281
142081496761138908890237|1|137810032
142081496761138908890237|1|138122532
142081496761138908890237|1|137653787
142081496761138908890237|1|126091491
142081496761138908890237|1|125466504
142081496761138908890237|1|125310259
142081496761138908890237|1|125622749
142081496761138908890237|1|136403813
142081496761138908890237|1|136091316
142081496761138908890237|1|136091316
142081496761138908890237|1|136091316
142081496761138908890237|724722968479|3281191
142081496761138908890237|1|125622749
142081496761138908890237|1|125935249
142081496761138908890237|196049391203|43592969
142081496761138908890237|1|136716306
142081496761138908890237|1|136872552
142081496761138908890237|1|136716306
142081496761138908890237|724722968479|132341383
142081496761138908890237|1|134372595
142081496761138908890237|1|133747605
142081496761138908890237|196049391203|97342008
142081496761138908890237|1|134528847
142081496761138908890237|724722968479|77030045
142081496761138908890237|724722968479|3749933
142081496761138908890237|724722968479|12343525
142081496761138908890237|1|128122708
142081496761138908890237|1|127185227
142081496761138908890237|196049391203|7968605
142081496761138908890237|196049391203|5312404
142081496761138908890237|1|126872730
142081496761138908890237|1|129685354
142081496761138908890237|196049391203|43124409
142081496761138908890237|724722968479|12187280
142081496761138908890237|1|129372867
142081496761138908890237|196049391203|22968165
142081496761138908890237|1|127341297
142081496761138908890237|724722968479|5624726
142081496761138908890237|1|127028803
142081496761138908890237|724722968479|5156159
142081496761138908890237|1|133279055
142081496761138908890237|1|133435301
142081496761138908890237|1|133747787
142081496761138908890237|1|137028625
142081496761138908890237|1|136872376
142081496761138908890237|1|137028625
142081496761138908890237|1|137028625
292734958838177610576449|477622362641|9843569
292734958838177610576449|1|131716564
292734958838177610576449|1|132185134
292734958838177610576449|477622362641|88279850
292734958838177610576449|1|133435112
292734958838177610576449|612900445489|39061797
292734958838177610576449|1|133747609
292734958838177610576449|1|133591357
292734958838177610576449|1|138747516
292734958838177610576449|1|138903771
292734958838177610576449|1|139216258
292734958838177610576449|1|138747516
292734958838177610576449|1|138122535
292734958838177610576449|1|138747519
292734958838177610576449|1|137966283
292734958838177610576449|1|137966283
292734958838177610576449|612900445489|76404885
292734958838177610576449|477622362641|29061980
292734958838177610576449|1|130310170
292734958838177610576449|477622362641|6249888
292734958838177610576449|1|136091501
292734958838177610576449|1|136403991
292734958838177610576449|1|136091501
292734958838177610576449|477622362641|90467136
292734958838177610576449|1|136872379
292734958838177610576449|1|136716127
292734958838177610576449|1|136716127
292734958838177610576449|1|136716127
292734958838177610576449|612900445489|3281188
292734958838177610576449|1|127185220
292734958838177610576449|612900445489|2187455
292734958838177610576449|1|127341472
292734958838177610576449|1|138278774
292734958838177610576449|1|137966277
292734958838177610576449|1|138122526
292734958838177610576449|1|138278774
292734958838177610576449|1|131560333
292734958838177610576449|477622362641|7812360
292734958838177610576449|1|131560333
292734958838177610576449|1|131404087
292734958838177610576449|1|130934974
292734958838177610576449|477622362641|31717994
292734958838177610576449|612900445489|83123502
292734958838177610576449|612900445489|42499233
292734958838177610576449|1|139528755
292734958838177610576449|1|138278777
292734958838177610576449|1|139060013
292734958838177610576449|1|138278777
292734958838177610576449|1|133122794
292734958838177610576449|1|132497817
292734958838177610576449|1|132497817
292734958838177610576449|477622362641|24218318
292734958838177610576449|477622362641|91248196
292734958838177610576449|612900445489|13749582
292734958838177610576449|1|133278870
292734958838177610576449|1|133435115
292734958838177610576449|477622362641|32967986
292734958838177610576449|1|133747616
292734958838177610576449|1|133435122
292734958838177610576449|1|133903861
292734958838177610576449|612900445489|122497628
292734958838177610576449|1|131559971
292734958838177610576449|1|131247474
292734958838177610576449|612900445489|15937037
292734958838177610576449|1|137185042
292734958838177610576449|1|136872552
292734958838177610576449|1|136872552
292734958838177610576449|1|137497539
292734958838177610576449|1|138122532
292734958838177610576449|1|137341482
292734958838177610576449|1|137810038
292734958838177610576449|477622362641|91873356
292734958838177610576449|612900445489|27655757
292734958838177610576449|1|127497717
292734958838177610576449|1|127497717
292734958838177610576449|477622362641|4531172
292734958838177610576449|1|132497638
292734958838177610576449|1|132497638
292734958838177610576449|1|132341386
292734958838177610576449|477622362641|16562207
292734958838177610576449|1|133591539
292734958838177610576449|1|133435287
292734958838177610576449|612900445489|53280294
292734958838177610576449|1|133591539
292734958838177610576449|477622362641|113435287
292734958838177610576449|1|133591182
292734958838177610576449|1|133903675
292734958838177610576449|477622362641|29218043
292734958838177610576449|1|132028889
292734958838177610576449|612900445489|7343618
292734958838177610576449|1|131872641
292734958838177610576449|1|131872641
292734958838177610576449|1|137653791
292734958838177610576449|1|137185045
292734958838177610576449|1|137497542
292734958838177610576449|1|137653791
292734958838177610576449|612900445489|91560862
292734958838177610576449|1|132185306
292734958838177610576449|477622362641|65467576
292734958838177610576449|1|132185306
239175084899432768439191|1|130466249
239175084899432768439191|357396338231|19999480
239175084899432768439191|357396338231|47811475
239175084899432768439191|669215264161|36249183
239175084899432768439191|1|134685090
239175084899432768439191|1|134685090
239175084899432768439191|1|135153828
239175084899432768439191|357396338231|31405683
239175084899432768439191|1|134216354
239175084899432768439191|1|134372606
239175084899432768439191|669215264161|28436993
239175084899432768439191|1|134216354
239175084899432768439191|1|137028793
239175084899432768439191|1|137028793
239175084899432768439191|1|136560051
239175084899432768439191|1|137028793
239175084899432768439191|669215264161|50936587
239175084899432768439191|1|134372600
239175084899432768439191|1|134372600
239175084899432768439191|1|134841342
239175084899432768439191|1|138435022
239175084899432768439191|1|138122528
239175084899432768439191|1|138278780
239175084899432768439191|1|138122528
239175084899432768439191|669215264161|53436546
239175084899432768439191|1|133591364
239175084899432768439191|669215264161|44374205
239175084899432768439191|1|133747612
239175084899432768439191|1|137810036
239175084899432768439191|1|138122526
239175084899432768439191|1|137966281
239175084899432768439191|1|137653787
239175084899432768439191|1|129528937
239175084899432768439191|669215264161|45936683
239175084899432768439191|1|129685195
239175084899432768439191|1|129685195
239175084899432768439191|1|129997663
239175084899432768439191|357396338231|7656101
239175084899432768439191|1|130622653
239175084899432768439191|1|130310156
239175084899432768439191|1|136091316
239175084899432768439191|669215264161|63592615
239175084899432768439191|1|135935071
239175084899432768439191|1|135935071
239175084899432768439191|1|136247564
239175084899432768439191|669215264161|107185585
239175084899432768439191|1|136091319
239175084899432768439191|669215264161|75467401
239175084899432768439191|1|137028800
239175084899432768439191|1|136560058
239175084899432768439191|1|136872555
239175084899432768439191|1|136403809
239175084899432768439191|1|139060016
239175084899432768439191|1|138591274
239175084899432768439191|1|139528758
239175084899432768439191|1|138591274
239175084899432768439191|669215264161|28905910
239175084899432768439191|669215264161|7812356
239175084899432768439191|357396338231|11562471
239175084899432768439191|1|126404114
239175084899432768439191|1|136872435
239175084899432768439191|1|136716180
239175084899432768439191|1|137028677
239175084899432768439191|1|136872435
239175084899432768439191|1|129216613
239175084899432768439191|357396338231|17343621
239175084899432768439191|1|129372858
239175084899432768439191|357396338231|15312222
239175084899432768439191|1|132966201
239175084899432768439191|1|132966201
239175084899432768439191|669215264161|47186488
239175084899432768439191|1|133278698
239175084899432768439191|1|136872554
239175084899432768439191|1|137028803
239175084899432768439191|1|136872554
239175084899432768439191|1|137028803
239175084899432768439191|1|134372784
239175084899432768439191|1|134216529
239175084899432768439191|1|134216529
239175084899432768439191|357396338231|104685622
239175084899432768439191|1|122029048
239175084899432768439191|669215264161|1093538
239175084899432768439191|669215264161|19999633
239175084899432768439191|1|121404061
239175084899432768439191|1|134997415
239175084899432768439191|357396338231|19218232
239175084899432768439191|1|134684921
239175084899432768439191|1|134528673
239175084899432768439191|1|132028889
239175084899432768439191|357396338231|2187461
239175084899432768439191|1|132185144
239175084899432768439191|1|132028889
239175084899432768439191|1|135466322
239175084899432768439191|1|135310073
239175084899432768439191|1|135310073
239175084899432768439191|1|135935064
239175084899432768439191|1|133747784
239175084899432768439191|669215264161|114060456
239175084899432768439191|357396338231|8124859
239175084899432768439191|1|133279042
173927153540872362118123|1|131091226
173927153540872362118123|1|131247475
173927153540872362118123|684130000159|93748145
173927153540872362118123|254231145397|4062248
173927153540872362118123|1|131091408
173927153540872362118123|1|131091408
173927153540872362118123|254231145397|9999821
173927153540872362118123|1|131091408
173927153540872362118123|1|138747520
173927153540872362118123|1|138435023
173927153540872362118123|1|138435023
173927153540872362118123|1|138903768
173927153540872362118123|684130000159|7031124
173927153540872362118123|254231145397|6249888
173927153540872362118123|1|128747870
173927153540872362118123|1|128904119
173927153540872362118123|684130000159|31561945
173927153540872362118123|1|128591449
173927153540872362118123|1|128747701
173927153540872362118123|684130000159|3749754
173927153540872362118123|684130000159|12968350
173927153540872362118123|684130000159|12499598
173927153540872362118123|684130000159|4218496
173927153540872362118123|1|127653933
173927153540872362118123|254231145397|10468417
173927153540872362118123|684130000159|11562150
173927153540872362118123|1|127185257
173927153540872362118123|1|127341508
173927153540872362118123|1|129841249
173927153540872362118123|684130000159|80467130
173927153540872362118123|254231145397|5312226
173927153540872362118123|1|129997497
173927153540872362118123|1|128435205
173927153540872362118123|684130000159|14530990
173927153540872362118123|684130000159|13124767
173927153540872362118123|1|128435205
173927153540872362118123|1|129841424
173927153540872362118123|684130000159|10468560
173927153540872362118123|1|129997679
173927153540872362118123|254231145397|17343439
173927153540872362118123|684130000159|7031121
173927153540872362118123|254231145397|38436807
173927153540872362118123|684130000159|19374649
173927153540872362118123|1|127029101
173927153540872362118123|1|136559932
173927153540872362118123|684130000159|120778965
173927153540872362118123|1|136716180
173927153540872362118123|1|137184919
173927153540872362118123|254231145397|34374387
173927153540872362118123|1|130310299
173927153540872362118123|684130000159|115623113
173927153540872362118123|254231145397|49530553
173927153540872362118123|254231145397|21561988
173927153540872362118123|1|128278830
173927153540872362118123|1|127966333
173927153540872362118123|254231145397|16874571
173927153540872362118123|684130000159|125935249
173927153540872362118123|254231145397|2187462
173927153540872362118123|1|131403899
173927153540872362118123|1|131716399
173927153540872362118123|684130000159|36249349
173927153540872362118123|254231145397|50155527
173927153540872362118123|254231145397|11718537
173927153540872362118123|1|127966602
173927153540872362118123|1|116560269
173927153540872362118123|684130000159|3749793
173927153540872362118123|1|116247776
173927153540872362118123|1|115935285
173927153540872362118123|684130000159|6718634
173927153540872362118123|254231145397|2968701
173927153540872362118123|1|129060371
173927153540872362118123|1|129216616
173927153540872362118123|1|137184876
173927153540872362118123|1|137184876
173927153540872362118123|1|137341124
173927153540872362118123|1|137184876
173927153540872362118123|1|137653790
173927153540872362118123|1|137497539
173927153540872362118123|1|137341294
173927153540872362118123|1|137497539
173927153540872362118123|684130000159|5781143
173927153540872362118123|1|132185131
173927153540872362118123|1|131872638
173927153540872362118123|1|132028883
173927153540872362118123|1|133903861
173927153540872362118123|254231145397|82654781
173927153540872362118123|254231145397|62655131
173927153540872362118123|1|133903861
173927153540872362118123|684130000159|80623557
173927153540872362118123|684130000159|4999907
173927153540872362118123|1|129997672
173927153540872362118123|1|130153928
173927153540872362118123|254231145397|61873885
173927153540872362118123|1|134528834
173927153540872362118123|1|134216529
173927153540872362118123|1|133904029
173927153540872362118123|1|131716399
173927153540872362118123|254231145397|2812452
173927153540872362118123|1|131872644
173927153540872362118123|1|131560150
118901801834740649284823|1|136247564
118901801834740649284823|1|136247564
118901801834740649284823|1|136403816
118901801834740649284823|1|135935074
118901801834740649284823|676203054053|131716392
118901801834740649284823|1|136872548
118901801834740649284823|1|136872548
118901801834740649284823|1|136403809
118901801834740649284823|1|130310173
118901801834740649284823|676203054053|2656204
118901801834740649284823|1|130153924
118901801834740649284823|1|130466424
118901801834740649284823|175837422091|66561306
118901801834740649284823|1|131091574
118901801834740649284823|1|131247826
118901801834740649284823|175837422091|94373490
118901801834740649284823|1|131091412
118901801834740649284823|1|130778736
118901801834740649284823|1|131247670
118901801834740649284823|175837422091|1406047
118901801834740649284823|175837422091|9687132
118901801834740649284823|1|132497621
118901801834740649284823|1|132810112
118901801834740649284823|1|132810112
118901801834740649284823|1|128903946
118901801834740649284823|1|129060201
118901801834740649284823|1|128747701
118901801834740649284823|676203054053|111091583
118901801834740649284823|1|132809943
118901801834740649284823|1|132653688
118901801834740649284823|175837422091|11562104
118901801834740649284823|1|132809943
118901801834740649284823|175837422091|58749122
118901801834740649284823|676203054053|33905638
118901801834740649284823|175837422091|34999374
118901801834740649284823|676203054053|69217503
118901801834740649284823|676203054053|98123429
118901801834740649284823|676203054053|13124949
118901801834740649284823|1|127653972
118901801834740649284823|175837422091|3437443
118901801834740649284823|1|133122618
118901801834740649284823|676203054053|15624719
118901801834740649284823|1|132810125
118901801834740649284823|1|132810125
118901801834740649284823|1|135778948
118901801834740649284823|175837422091|30311961
118901801834740649284823|1|133278867
118901801834740649284823|1|133435112
118901801834740649284823|1|127810089
118901801834740649284823|1|127966340
118901801834740649284823|175837422091|35624239
118901801834740649284823|175837422091|11405922
118901801834740649284823|1|136560058
118901801834740649284823|1|136872552
118901801834740649284823|1|136872552
118901801834740649284823|1|136872552
118901801834740649284823|676203054053|12812273
118901801834740649284823|1|133122803
118901801834740649284823|1|133435300
118901801834740649284823|1|132966552
118901801834740649284823|1|135778637
118901801834740649284823|1|135778637
118901801834740649284823|1|135934885
118901801834740649284823|1|135778637
118901801834740649284823|1|126091670
118901801834740649284823|175837422091|8593774
118901801834740649284823|1|126247919
118901801834740649284823|676203054053|4999908
118901801834740649284823|676203054053|7499687
118901801834740649284823|1|129372506
118901801834740649284823|1|129685003
118901801834740649284823|1|129685003
118901801834740649284823|676203054053|19843394
118901801834740649284823|1|132497635
118901801834740649284823|175837422091|130310355
118901801834740649284823|1|132341383
118901801834740649284823|1|135466325
118901801834740649284823|1|134997583
118901801834740649284823|1|135310080
118901801834740649284823|1|135310080
118901801834740649284823|1|132966558
118901801834740649284823|1|132966558
118901801834740649284823|1|132654062
118901801834740649284823|175837422091|1718720
118901801834740649284823|1|132341376
118901801834740649284823|175837422091|78592155
118901801834740649284823|1|131872634
118901801834740649284823|676203054053|112654049
118901801834740649284823|175837422091|32186747
118901801834740649284823|1|130153743
118901801834740649284823|1|129841249
118901801834740649284823|175837422091|108279135
118901801834740649284823|1|135778822
118901801834740649284823|1|134841341
118901801834740649284823|1|135153835
118901801834740649284823|1|135153835
118901801834740649284823|676203054053|2968700
118901801834740649284823|1|132810307
118901801834740649284823|1|133122803
118901801834740649284823|1|132966555
33845216952256537350433|1|131247651
33845216952256537350433|1|131247651
33845216952256537350433|125794401353|101873177
33845216952256537350433|1|131091402
33845216952256537350433|269051854361|36561842
33845216952256537350433|1|131716574
33845216952256537350433|1|131716574
33845216952256537350433|1|131872822
33845216952256537350433|1|126872730
33845216952256537350433|269051854361|18905907
33845216952256537350433|1|127185171
33845216952256537350433|269051854361|4687232
33845216952256537350433|125794401353|18437042
33845216952256537350433|1|122966595
33845216952256537350433|125794401353|75154775
33845216952256537350433|269051854361|468613
33845216952256537350433|269051854361|90154649
33845216952256537350433|1|128278963
33845216952256537350433|1|127966466
33845216952256537350433|269051854361|1406054
33845216952256537350433|1|125153835
33845216952256537350433|1|125310083
33845216952256537350433|125794401353|28280568
33845216952256537350433|125794401353|2187286
33845216952256537350433|1|133278867
33845216952256537350433|1|133747606
33845216952256537350433|1|133435112
33845216952256537350433|1|133435112
33845216952256537350433|1|129685182
33845216952256537350433|125794401353|47811647
33845216952256537350433|1|129685182
33845216952256537350433|1|129528940
33845216952256537350433|1|128278956
33845216952256537350433|1|127966462
33845216952256537350433|125794401353|24062072
33845216952256537350433|1|128435205
33845216952256537350433|125794401353|2343706
33845216952256537350433|1|126560418
33845216952256537350433|1|126716667
33845216952256537350433|1|126716667
33845216952256537350433|125794401353|3437253
33845216952256537350433|269051854361|2343528
33845216952256537350433|1|116872852
33845216952256537350433|125794401353|9530897
33845216952256537350433|125794401353|43280350
33845216952256537350433|125794401353|53905162
33845216952256537350433|1|115779176
33845216952256537350433|125794401353|8905966
33845216952256537350433|1|123435298
33845216952256537350433|269051854361|16093342
33845216952256537350433|125794401353|21093428
33845216952256537350433|269051854361|1562359
33845216952256537350433|1|128591324
33845216952256537350433|125794401353|17499561
33845216952256537350433|1|128591324
33845216952256537350433|1|128435078
33845216952256537350433|1|131091405
33845216952256537350433|269051854361|98123247
33845216952256537350433|1|131403898
33845216952256537350433|1|131091405
33845216952256537350433|1|114373152
33845216952256537350433|269051854361|29218232
33845216952256537350433|269051854361|6562385
33845216952256537350433|269051854361|15780971
33845216952256537350433|1|135153643
33845216952256537350433|1|135153643
33845216952256537350433|1|135153643
33845216952256537350433|1|134841146
33845216952256537350433|1|133435112
33845216952256537350433|1|134528841
33845216952256537350433|1|133278864
33845216952256537350433|1|133903854
33845216952256537350433|269051854361|116247922
33845216952256537350433|269051854361|11249806
33845216952256537350433|1|131716399
33845216952256537350433|1|131560147
33845216952256537350433|269051854361|13124764
33845216952256537350433|1|125466504
33845216952256537350433|1|125310256
33845216952256537350433|269051854361|15780964
33845216952256537350433|1|130310173
33845216952256537350433|1|130310173
33845216952256537350433|1|130310173
33845216952256537350433|125794401353|25468299
33845216952256537350433|269051854361|108748248
33845216952256537350433|1|129529116
33845216952256537350433|1|129529116
33845216952256537350433|269051854361|23593327
33845216952256537350433|1|124841338
33845216952256537350433|125794401353|2968525
33845216952256537350433|125794401353|2812267
33845216952256537350433|1|124997580
33845216952256537350433|1|129060195
33845216952256537350433|1|128903946
33845216952256537350433|125794401353|5781146
33845216952256537350433|1|129216443
33845216952256537350433|1|129060189
33845216952256537350433|1|129060189
33845216952256537350433|1|129216626
33845216952256537350433|269051854361|2343710
134511638449623778031963|1|134060278
134511638449623778031963|1|133747605
134511638449623778031963|245475896161|9374827
134511638449623778031963|1|134060278
134511638449623778031963|547962714683|27187018
134511638449623778031963|245475896161|8280922
134511638449623778031963|1|127497717
134511638449623778031963|1|127810220
134511638449623778031963|547962714683|84060940
134511638449623778031963|245475896161|11718538
134511638449623778031963|245475896161|9999636
134511638449623778031963|245475896161|31874419
134511638449623778031963|1|129685060
134511638449623778031963|1|129528808
134511638449623778031963|1|129372560
134511638449623778031963|245475896161|3906053
134511638449623778031963|547962714683|95467037
134511638449623778031963|1|133747784
134511638449623778031963|1|134372765
134511638449623778031963|1|134372765
134511638449623778031963|1|133591360
134511638449623778031963|1|134216357
134511638449623778031963|1|133903857
134511638449623778031963|1|134216357
134511638449623778031963|1|137341290
134511638449623778031963|1|137341290
134511638449623778031963|1|137341290
134511638449623778031963|1|136872548
134511638449623778031963|1|109998031
134511638449623778031963|1|109998031
134511638449623778031963|245475896161|3749937
134511638449623778031963|547962714683|3281191
134511638449623778031963|1|129372685
134511638449623778031963|547962714683|16718454
134511638449623778031963|1|129216440
134511638449623778031963|245475896161|69842503
134511638449623778031963|547962714683|74998662
134511638449623778031963|1|131091408
134511638449623778031963|1|131091408
134511638449623778031963|245475896161|13906006
134511638449623778031963|1|135310084
134511638449623778031963|1|135778826
134511638449623778031963|1|135466332
134511638449623778031963|1|135622577
134511638449623778031963|1|134997586
134511638449623778031963|547962714683|30624450
134511638449623778031963|1|134997586
134511638449623778031963|1|134685093
134511638449623778031963|547962714683|19843394
134511638449623778031963|1|132810125
134511638449623778031963|1|132810125
134511638449623778031963|1|133122622
134511638449623778031963|1|130466414
134511638449623778031963|1|130935156
134511638449623778031963|1|130778911
134511638449623778031963|547962714683|44217956
134511638449623778031963|1|133122794
134511638449623778031963|1|133279049
134511638449623778031963|547962714683|105310799
134511638449623778031963|547962714683|101404439
134511638449623778031963|1|137810032
134511638449623778031963|1|137028628
134511638449623778031963|1|136872373
134511638449623778031963|1|136716124
134511638449623778031963|1|135622395
134511638449623778031963|547962714683|123591364
134511638449623778031963|1|135622395
134511638449623778031963|1|135466150
134511638449623778031963|1|132966377
134511638449623778031963|1|132966377
134511638449623778031963|1|132966377
134511638449623778031963|245475896161|75779898
134511638449623778031963|1|132185137
134511638449623778031963|1|132028889
134511638449623778031963|547962714683|14374741
134511638449623778031963|1|132028889
134511638449623778031963|547962714683|43124227
134511638449623778031963|1|125154010
134511638449623778031963|245475896161|8437347
134511638449623778031963|547962714683|6093640
134511638449623778031963|547962714683|17499688
134511638449623778031963|547962714683|95154547
134511638449623778031963|1|129372689
134511638449623778031963|1|129528941
134511638449623778031963|1|135310077
134511638449623778031963|1|134685086
134511638449623778031963|1|134685086
134511638449623778031963|1|134685086
134511638449623778031963|1|132341386
134511638449623778031963|1|132185134
134511638449623778031963|245475896161|9687327
134511638449623778031963|1|132028885
134511638449623778031963|1|127497896
134511638449623778031963|1|127497896
134511638449623778031963|245475896161|18124671
134511638449623778031963|547962714683|24687056
134511638449623778031963|1|137028806
134511638449623778031963|1|135934891
134511638449623778031963|1|136247385
134511638449623778031963|1|136247385
187649004657443547448133|1|135466143
187649004657443547448133|1|135934885
187649004657443547448133|1|135778637
187649004657443547448133|1|135778637
187649004657443547448133|463248737543|92185853
187649004657443547448133|463248737543|107654499
187649004657443547448133|405071810131|8749844
187649004657443547448133|1|130466593
187649004657443547448133|1|137184870
187649004657443547448133|1|137028625
187649004657443547448133|1|137497363
187649004657443547448133|1|137341118
187649004657443547448133|1|127810215
187649004657443547448133|405071810131|6406140
187649004657443547448133|1|127497724
187649004657443547448133|463248737543|37811827
187649004657443547448133|1|128435333
187649004657443547448133|405071810131|22030859
187649004657443547448133|405071810131|92342107
187649004657443547448133|405071810131|24062075
187649004657443547448133|1|132810171
187649004657443547448133|1|132653929
187649004657443547448133|405071810131|117966695
187649004657443547448133|405071810131|11562170
187649004657443547448133|463248737543|9062165
187649004657443547448133|405071810131|106560426
187649004657443547448133|1|134059940
187649004657443547448133|1|134216364
187649004657443547448133|405071810131|44686514
187649004657443547448133|1|134684908
187649004657443547448133|1|134684908
187649004657443547448133|1|135153647
187649004657443547448133|463248737543|3593684
187649004657443547448133|1|131872644
187649004657443547448133|1|132185140
187649004657443547448133|1|132341386
187649004657443547448133|405071810131|12499776
187649004657443547448133|1|129060367
187649004657443547448133|463248737543|624990
187649004657443547448133|1|129372860
187649004657443547448133|1|133435126
187649004657443547448133|1|133591374
187649004657443547448133|1|133903868
187649004657443547448133|405071810131|5312232
187649004657443547448133|1|135466143
187649004657443547448133|1|135309894
187649004657443547448133|1|135622388
187649004657443547448133|1|135309894
187649004657443547448133|1|127341472
187649004657443547448133|463248737543|19062165
187649004657443547448133|1|127341472
187649004657443547448133|1|127185227
187649004657443547448133|463248737543|2031216
187649004657443547448133|1|130310173
187649004657443547448133|405071810131|67342548
187649004657443547448133|1|130310173
187649004657443547448133|1|133903857
187649004657443547448133|1|133903857
187649004657443547448133|463248737543|99998212
187649004657443547448133|1|134372596
187649004657443547448133|463248737543|126872922
187649004657443547448133|1|133904029
187649004657443547448133|1|133747790
187649004657443547448133|405071810131|15780970
187649004657443547448133|405071810131|96091862
187649004657443547448133|1|135622405
187649004657443547448133|1|135466156
187649004657443547448133|1|135934895
187649004657443547448133|1|133435115
187649004657443547448133|463248737543|21093378
187649004657443547448133|1|133122622
187649004657443547448133|1|133278873
187649004657443547448133|405071810131|1874968
187649004657443547448133|1|133435115
187649004657443547448133|405071810131|90310888
187649004657443547448133|1|133278877
187649004657443547448133|1|127653969
187649004657443547448133|463248737543|17343439
187649004657443547448133|463248737543|6718631
187649004657443547448133|1|127185227
187649004657443547448133|405071810131|12343529
187649004657443547448133|1|132810125
187649004657443547448133|1|133122807
187649004657443547448133|1|132966374
187649004657443547448133|463248737543|20312137
187649004657443547448133|1|128435016
187649004657443547448133|1|128591268
187649004657443547448133|463248737543|14062063
187649004657443547448133|1|134216348
187649004657443547448133|405071810131|22030853
187649004657443547448133|1|134841335
187649004657443547448133|1|134528841
187649004657443547448133|463248737543|60311424
187649004657443547448133|463248737543|3124946
187649004657443547448133|1|128747824
187649004657443547448133|463248737543|29218228
187649004657443547448133|1|133434989
187649004657443547448133|405071810131|41561633
187649004657443547448133|1|133747483
187649004657443547448133|463248737543|122341435
313057288973244684873943|1|134685099
313057288973244684873943|1|134685099
313057288973244684873943|747921351461|8906092
313057288973244684873943|1|134528848
313057288973244684873943|418569797963|24374560
313057288973244684873943|747921351461|103435645
313057288973244684873943|1|134216345
313057288973244684873943|1|134060096
313057288973244684873943|1|136091315
313057288973244684873943|1|135935070
313057288973244684873943|1|135310080
313057288973244684873943|1|135622576
313057288973244684873943|747921351461|21562117
313057288973244684873943|747921351461|37343085
313057288973244684873943|1|131716568
313057288973244684873943|1|132029071
313057288973244684873943|747921351461|38124142
313057288973244684873943|1|129528755
313057288973244684873943|418569797963|6093461
313057288973244684873943|1|129528755
313057288973244684873943|1|132341383
313057288973244684873943|1|132497632
313057288973244684873943|1|132341383
313057288973244684873943|747921351461|3906182
313057288973244684873943|1|138591270
313057288973244684873943|1|138122528
313057288973244684873943|1|138903767
313057288973244684873943|1|138435022
313057288973244684873943|1|134372596
313057288973244684873943|418569797963|8749844
313057288973244684873943|1|133903854
313057288973244684873943|1|133903854
313057288973244684873943|1|135935068
313057288973244684873943|747921351461|87342188
313057288973244684873943|1|135622577
313057288973244684873943|1|135622577
313057288973244684873943|747921351461|9843576
313057288973244684873943|1|129372860
313057288973244684873943|1|129372860
313057288973244684873943|418569797963|11249981
313057288973244684873943|1|131872595
313057288973244684873943|418569797963|101716760
313057288973244684873943|747921351461|5780974
313057288973244684873943|747921351461|83748331
313057288973244684873943|1|133747483
313057288973244684873943|418569797963|92810717
313057288973244684873943|1|133747483
313057288973244684873943|1|133122496
313057288973244684873943|1|127966591
313057288973244684873943|747921351461|80154815
313057288973244684873943|418569797963|7343620
313057288973244684873943|418569797963|9687327
313057288973244684873943|418569797963|13280883
313057288973244684873943|1|133903728
313057288973244684873943|1|134059980
313057288973244684873943|1|133434986
313057288973244684873943|1|137185045
313057288973244684873943|1|137185045
313057288973244684873943|1|137341294
313057288973244684873943|1|137341294
313057288973244684873943|1|135310262
313057288973244684873943|1|134841530
313057288973244684873943|1|134997771
313057288973244684873943|747921351461|16718448
313057288973244684873943|747921351461|86092024
313057288973244684873943|418569797963|26718087
313057288973244684873943|1|133278681
313057288973244684873943|1|132966363
313057288973244684873943|1|133747609
313057288973244684873943|418569797963|19999652
313057288973244684873943|1|133903857
313057288973244684873943|1|134060102
313057288973244684873943|1|134372600
313057288973244684873943|418569797963|31718187
313057288973244684873943|1|134216358
313057288973244684873943|1|134060106
313057288973244684873943|1|127029154
313057288973244684873943|747921351461|4062426
313057288973244684873943|418569797963|1874968
313057288973244684873943|1|127341644
313057288973244684873943|1|127966472
313057288973244684873943|1|128122714
313057288973244684873943|418569797963|9062350
313057288973244684873943|747921351461|4374748
313057288973244684873943|1|137809860
313057288973244684873943|1|137653615
313057288973244684873943|1|137497555
313057288973244684873943|747921351461|92185677
313057288973244684873943|1|134216523
313057288973244684873943|418569797963|116716674
313057288973244684873943|418569797963|21249620
313057288973244684873943|1|134060281
313057288973244684873943|1|135309911
313057288973244684873943|1|135153670
313057288973244684873943|1|134997414
313057288973244684873943|1|135153670
313057288973244684873943|747921351461|5625070
313057288973244684873943|418569797963|2187459
313057288973244684873943|1|126716611
313057288973244684873943|418569797963|3281380
687619054119987929838961|1|129372745
687619054119987929838961|759292260641|15624779
687619054119987929838961|1|130153967
687619054119987929838961|905605245521|7187243
687619054119987929838961|759292260641|5312232
687619054119987929838961|1|130622673
687619054119987929838961|759292260641|22343366
687619054119987929838961|1|130622673
687619054119987929838961|1|135622392
687619054119987929838961|905605245521|31093014
687619054119987929838961|1|135778640
687619054119987929838961|1|135934892
687619054119987929838961|905605245521|9687324
687619054119987929838961|1|130154093
687619054119987929838961|1|130310345
687619054119987929838961|759292260641|22499594
687619054119987929838961|759292260641|21405690
687619054119987929838961|1|135778825
687619054119987929838961|1|135778825
687619054119987929838961|1|135466371
687619054119987929838961|1|136091316
687619054119987929838961|1|135778822
687619054119987929838961|1|135778822
687619054119987929838961|905605245521|28905553
687619054119987929838961|1|141872459
687619054119987929838961|1|141091047
687619054119987929838961|1|141403544
687619054119987929838961|1|141091047
687619054119987929838961|905605245521|48280396
687619054119987929838961|759292260641|18436995
687619054119987929838961|1|131247653
687619054119987929838961|1|131403901
687619054119987929838961|905605245521|32811920
687619054119987929838961|1|133591361
687619054119987929838961|905605245521|29218060
687619054119987929838961|1|133591361
687619054119987929838961|759292260641|14062075
687619054119987929838961|905605245521|24843129
687619054119987929838961|1|129216447
687619054119987929838961|1|129060192
687619054119987929838961|905605245521|18124700
687619054119987929838961|905605245521|97654502
687619054119987929838961|1|129685126
687619054119987929838961|905605245521|13280830
687619054119987929838961|759292260641|32811975
687619054119987929838961|905605245521|5156030
687619054119987929838961|1|130622663
687619054119987929838961|759292260641|75936189
687619054119987929838961|905605245521|23905698
687619054119987929838961|1|136247438
687619054119987929838961|1|136247438
687619054119987929838961|1|136403690
687619054119987929838961|905605245521|30780881
687619054119987929838961|905605245521|80623732
687619054119987929838961|905605245521|117029329
687619054119987929838961|905605245521|13593509
687619054119987929838961|759292260641|18749493
687619054119987929838961|1|133278867
687619054119987929838961|1|132810128
687619054119987929838961|905605245521|72811204
687619054119987929838961|1|140153570
687619054119987929838961|1|139684831
687619054119987929838961|1|139684831
687619054119987929838961|1|139372334
687619054119987929838961|759292260641|20624630
687619054119987929838961|1|134528848
687619054119987929838961|1|134372596
687619054119987929838961|1|134372596
687619054119987929838961|1|138435026
687619054119987929838961|1|138903764
687619054119987929838961|1|138278774
687619054119987929838961|1|138591271
687619054119987929838961|1|139060017
687619054119987929838961|1|138903768
687619054119987929838961|1|138747520
687619054119987929838961|1|138903768
687619054119987929838961|759292260641|22968333
687619054119987929838961|1|135935067
687619054119987929838961|1|136091319
687619054119987929838961|1|135935067
687619054119987929838961|759292260641|75936136
687619054119987929838961|759292260641|33905638
687619054119987929838961|1|134372589
687619054119987929838961|1|134528837
687619054119987929838961|1|139216262
687619054119987929838961|1|139528755
687619054119987929838961|1|139528755
687619054119987929838961|1|139216262
687619054119987929838961|1|136247568
687619054119987929838961|1|136247568
687619054119987929838961|905605245521|5937395
687619054119987929838961|1|136247568
687619054119987929838961|1|139685000
687619054119987929838961|1|139685000
687619054119987929838961|1|141091405
687619054119987929838961|1|142653701
687619054119987929838961|1|135779000
687619054119987929838961|759292260641|20312132
687619054119987929838961|1|135466507
687619054119987929838961|1|135779000
341244471611304596223341|540660217831|24061887
341244471611304596223341|1|133122440
341244471611304596223341|1|133747430
341244471611304596223341|1|133434937
341244471611304596223341|1|135310253
341244471611304596223341|540660217831|12812267
341244471611304596223341|1|134685090
341244471611304596223341|1|134841342
341244471611304596223341|540660217831|6718454
341244471611304596223341|540660217831|5624725
341244471611304596223341|1|128435029
341244471611304596223341|1|128435029
341244471611304596223341|1|138591271
341244471611304596223341|1|139372513
341244471611304596223341|1|138747519
341244471611304596223341|1|139685179
341244471611304596223341|1|135310090
341244471611304596223341|1|134997593
341244471611304596223341|1|135153841
341244471611304596223341|631162531211|105779183
341244471611304596223341|1|128591439
341244471611304596223341|1|128903936
341244471611304596223341|540660217831|2656018
341244471611304596223341|540660217831|6562381
341244471611304596223341|631162531211|4843487
341244471611304596223341|540660217831|46717743
341244471611304596223341|1|122341562
341244471611304596223341|1|121404078
341244471611304596223341|631162531211|30155533
341244471611304596223341|1|134685103
341244471611304596223341|1|134841348
341244471611304596223341|1|134528867
341244471611304596223341|540660217831|124060096
341244471611304596223341|1|138747334
341244471611304596223341|1|138434840
341244471611304596223341|1|138591092
341244471611304596223341|1|137185055
341244471611304596223341|1|137341296
341244471611304596223341|1|137341296
341244471611304596223341|1|137028799
341244471611304596223341|1|135935253
341244471611304596223341|1|136403995
341244471611304596223341|540660217831|94842054
341244471611304596223341|1|136716485
341244471611304596223341|540660217831|31718005
341244471611304596223341|1|134372421
341244471611304596223341|1|134059924
341244471611304596223341|1|134528666
341244471611304596223341|540660217831|5624898
341244471611304596223341|1|131560147
341244471611304596223341|631162531211|64842589
341244471611304596223341|1|131247832
341244471611304596223341|1|134841338
341244471611304596223341|540660217831|5156159
341244471611304596223341|1|134372599
341244471611304596223341|1|134372599
341244471611304596223341|540660217831|46718094
341244471611304596223341|631162531211|114997947
341244471611304596223341|631162531211|11562481
341244471611304596223341|540660217831|3906181
341244471611304596223341|1|130779097
341244471611304596223341|631162531211|5937392
341244471611304596223341|1|130779097
341244471611304596223341|631162531211|64842772
341244471611304596223341|631162531211|1562286
341244471611304596223341|1|132809940
341244471611304596223341|1|132653873
341244471611304596223341|631162531211|64529911
341244471611304596223341|1|137185048
341244471611304596223341|1|137341293
341244471611304596223341|1|137028799
341244471611304596223341|1|137341293
341244471611304596223341|1|137966462
341244471611304596223341|1|137497542
341244471611304596223341|1|136716309
341244471611304596223341|1|136716309
341244471611304596223341|1|136716134
341244471611304596223341|1|136716134
341244471611304596223341|1|136716134
341244471611304596223341|540660217831|4218497
341244471611304596223341|540660217831|17030952
341244471611304596223341|1|128435374
341244471611304596223341|1|128904116
341244471611304596223341|540660217831|8749847
341244471611304596223341|1|131559971
341244471611304596223341|540660217831|5937226
341244471611304596223341|540660217831|36405425
341244471611304596223341|1|131872468
341244471611304596223341|631162531211|47186654
341244471611304596223341|631162531211|83748500
341244471611304596223341|1|131091405
341244471611304596223341|540660217831|4531166
341244471611304596223341|1|132185310
341244471611304596223341|1|131716396
341244471611304596223341|1|131872648
341244471611304596223341|631162531211|6406134
341244471611304596223341|1|140153573
341244471611304596223341|1|139216089
341244471611304596223341|1|139216089
341244471611304596223341|1|139216089
143662445971387751364667|476233377401|25937034
143662445971387751364667|1|133747606
143662445971387751364667|1|133747606
143662445971387751364667|1|134060100
143662445971387751364667|1|135310080
143662445971387751364667|1|134997589
143662445971387751364667|1|134841341
143662445971387751364667|1|134841341
143662445971387751364667|301663958867|13593509
143662445971387751364667|476233377401|20937129
143662445971387751364667|301663958867|23124767
143662445971387751364667|476233377401|107341958
143662445971387751364667|1|127185274
143662445971387751364667|301663958867|2343585
143662445971387751364667|476233377401|2968572
143662445971387751364667|1|126872780
143662445971387751364667|476233377401|4687241
143662445971387751364667|476233377401|57498796
143662445971387751364667|301663958867|6718630
143662445971387751364667|476233377401|1249802
143662445971387751364667|1|132497631
143662445971387751364667|1|132497631
143662445971387751364667|301663958867|29374477
143662445971387751364667|1|132497631
143662445971387751364667|1|126872734
143662445971387751364667|301663958867|30780703
143662445971387751364667|301663958867|48749129
143662445971387751364667|1|126872734
143662445971387751364667|1|127185405
143662445971387751364667|476233377401|11249799
143662445971387751364667|1|127185405
143662445971387751364667|301663958867|15468474
143662445971387751364667|1|121716396
143662445971387751364667|1|122028890
143662445971387751364667|301663958867|31249263
143662445971387751364667|1|122497804
143662445971387751364667|1|130778739
143662445971387751364667|1|130622494
143662445971387751364667|301663958867|2343534
143662445971387751364667|1|130622494
143662445971387751364667|1|131091408
143662445971387751364667|301663958867|12656025
143662445971387751364667|1|130935160
143662445971387751364667|1|130622663
143662445971387751364667|1|137497542
143662445971387751364667|476233377401|86404704
143662445971387751364667|1|137653791
143662445971387751364667|1|137497542
143662445971387751364667|301663958867|31718180
143662445971387751364667|1|129997844
143662445971387751364667|476233377401|24999549
143662445971387751364667|1|129529106
143662445971387751364667|476233377401|2187290
143662445971387751364667|1|127497721
143662445971387751364667|1|127185227
143662445971387751364667|476233377401|40467852
143662445971387751364667|1|136247392
143662445971387751364667|1|136247392
143662445971387751364667|1|136716134
143662445971387751364667|1|136403640
143662445971387751364667|301663958867|4843662
143662445971387751364667|1|131403902
143662445971387751364667|1|131403902
143662445971387751364667|1|131560147
143662445971387751364667|1|135310080
143662445971387751364667|1|135622580
143662445971387751364667|1|134841341
143662445971387751364667|1|135466332
143662445971387751364667|1|134877574
143662445971387751364667|1|135177792
143662445971387751364667|476233377401|3593681
143662445971387751364667|1|134887580
143662445971387751364667|1|140360142
143662445971387751364667|1|140450201
143662445971387751364667|1|140240044
143662445971387751364667|1|140620319
143662445971387751364667|1|142394639
143662445971387751364667|476233377401|57930335
143662445971387751364667|476233377401|18653023
143662445971387751364667|1|138772260
143662445971387751364667|1|156060556
143662445971387751364667|1|154779473
143662445971387751364667|1|154439242
143662445971387751364667|1|152998217
143662445971387751364667|1|150498280
143662445971387751364667|1|147871450
143662445971387751364667|1|150458257
143662445971387751364667|1|148521894
143662445971387751364667|1|145971605
143662445971387751364667|1|145086004
143662445971387751364667|1|147743336
143662445971387751364667|1|146782174
143662445971387751364667|301663958867|9877224
143662445971387751364667|301663958867|8435841
143662445971387751364667|301663958867|5273606
143662445971387751364667|301663958867|112316440
143662445971387751364667|476233377401|7174924
143662445971387751364667|1|136453222
143662445971387751364667|1|135902794
143662445971387751364667|1|136423316
