472291092291555533
324699151805091871
56749900391695123
558216346404047609
163089074126420399
32188546078223291
65093063675789911
505735069029708871
61194415665172973
517725133982566751
241851219674143481
190856409242401187
115998411381542881
279786217480669399
94961353766341253
57189309374776591
447566564129918159
307953218854914197
97237699702713173
249741011467707007
437634833194020151
104946375388527971
245389731973931327
327454419225840091
89717343327859487
188037936514238743
240213611913520807
292369280871068213
834978798999165427
244242480095880479
333504554321078047
68979410418648647
328369075976314507
286263659301606487
342139777821271643
54897633283007363
273265843169549767
71851910046870661
31987468300313921
392852110957761967
322089531742017773
357863474492106287
581347161007822549
192304761959430773
244781010326165969
20654855674015933
510297754726150211
226793833444320719
186846281946624017
183775471231316453
86078241756950549
568790029001190811
203254830148468607
453324555945754463
374805936542638753
330310508750090489
310697159305758821
413141615144928563
285770689168736279
555966694368923147
404855529088457053
231225487064022331
207634543460915611
213332696014105537
30288187707104083
197437383076068379
770255822826720401
146064398690823631
109163814790857107
425238381246285157
37876496976484051
242320665445345813
479599375778207417
328560664164661001
778992073637952809
80283015698098991
400478531590814773
557068395521649829
480201421675868357
109278823963799141
61398091150236623
381420716612114243
577985438631055841
47943512419705697
104897121590092567
152441044199731933
115351516759017101
186682605077342527
15769644862946927
41996564143498487
46583612889954131
332061496339011931
372404055611011507
107423780216806567
563706183720914249
533093657890532407
100759280302807109
230919986719296221
654355588708177453
62382738904432207
104589930394940297
100553092892865331
121879034800259731
249626872579754339
129454184059018873
123262516059878519
699921887859851959
157270663134884129
102762355755193439
84516017177962813
28959958644174653
15690991879438193
197238356874652189
179541318605017493
140685639406851971
254146087050868699
72419419803787937
551644035417479287
146083056578542609
202462113755812627
475960024511083379
254425629840217513
97412630079879643
831260775144536923
447853020133652279
163940509017034793
193241876810348833
435809271434325857
380955141896048117
719449637946663523
72982192008265339
113760505151098441
207250202954720441
184210090729803343
30109102181297743
962689289338347173
238037193826351489
343932682741142333
74302879756309903
218039810124481601
72060973313596847
26294784016017613
176288355259997699
263110546377134077
50596323004555483
357041504032827469
184193393655197033
52506771069229567
247965501136616891
676522688571593827
127389300119978761
455833709612538749
488168864083953443
494417115822586679
114353261798621117
449115983708092919
601028043687150113
95104171710563963
60210017843794319
312709027599175841
86233979158021213
62293366482738917
840137474380428457
95411296987632271
171715684679336989
595205550955340447
592869249741374633
113247910591145147
265824632268314893
180792618186916159
360220128088049027
130307464584101141
334905370289300333
120327396298961393
431361136159197619
589925330045485723
131299407240744203
201810862261866167
82718625314915173
205705856400782711
145834732795812623
225667670820503243
284912805030061727
228915229824267583
298651251042328157
363006883249854451
341636953358881181
634499342292026089
270784754621460301
281109122244160547
389370333418295269
246284419781803471
43159846627703219
253954894960926983
161851197661827031
89206057886140249
201497205181860767
518185632695263079
592838131767672689
689687494875236147
66562833092324083
859539845317208681
381248263536575077
468191463369945859
630916223389466089
337193713052165197
82149627210747379
141109653372021979
507555402556722563
432430192325437799
36833099478685217
702731889709737577
519762812484866189
229481620455216401
440242364576515273
459671331036663013
138671557736923619
240223724438876443
95723189144775847
79658341696632997
220704929052500369
79182873554859527
363278960395710061
266748051628935431
135082842427932953
75402278019523447
121017912102938339
791802566965473523
112539956695150423
397855054135598603
69461769398542877
421972605961958881
723535898235160099
294365941821841957
124496134270858573
74427448705330099
247248545412697141
350688053322085631
389000323917834833
488138672740067221
307037556476487211
266445960614483633
186577436896653611
639822123533354987
106123554956921947
841067901241424921
658990042828969783
372971898028242859
301201837479429533
384305082957461899
75896481150442591
109631003053316317
71297773529647871
130105937968171063
212652659457025609
268229258366874163
768766810061727413
165186120306377699
451192005330387229
222752441884071811
432030660835983877
792651359347059587
508980470743957543
85312441896720733
12834402912190507
223269864612964579
500627628554800301
368761757778610997
694765019109219613
462842271450116683
345301479082721123
206875666313015129
568703170728769871
144329061788358479
273576683549005531
507613748885668951
270084856269279703
191819026377391813
586474063270299377
409351222872367931
593529096585269791
288282861017039827
13592839915204829
642490250725162933
230030121363265159
185548003469760157
550491264214654337
138316311859801321
42219736355100841
153377971671172021
766021362122490493
338429208964673077
247103901185403167
535054993639162519
222730745781549493
166347307923395803
68234057524117889
62476111161089491
662082620084155087
598470496454261701
119425790873605823
159507469448693101
824792275430395957
62745871867863799
85193591288287379
75763649995588991
731078389550050687
821043414779841049
161053666985807639
508150633849311307
92057332867952587
215945961632459951
289490480265476561
893844541557833561
216399281102236247
451531348405236899
342727239161805011
621663304975733651
731165626534062443
153958662797525611
79323210102841699
317818651941730301
111386211792592067
92125480922299459
611561039970118417
161141920171826047
442270980002726257
187103120271349357
55589326641972499
19316469924915781
575400097460528843
98315639316678653
98736493007689349
407679106255309807
105761991171979111
630238366816726259
122738268753758831
72488175020288707
175692202533712351
219553258400177939
480678024392426219
134896220849155063
370190918340504449
105509305483389671
567362612466432221
70881295875613583
871926091494260639
951741638651394631
407181223604689151
54657282363897971
222026921329490831
151459941968078101
369891091028644399
126984463009568239
277821392374000681
386365432346428289
116544804510217661
37372286470178273
516162235712794057
101683284321970007
347756505532707277
707568349708554617
77954902145196341
441147011831377619
62692637873340239
454021565121532327
126981032134107643
414734014407305627
107281466418797507
90403497972145103
87225133465977907
176518031280377341
148657712508066613
256243901964552647
578415854557957651
241980936343661399
550903888985234809
513722744139513841
27484411642080229
479884610618247413
313902355361347219
134549203313566879
138434735891821541
294800693328643829
523383601545010831
218313765521219531
240411163824277493
745552005261625999
210205444704453311
105903314715798007
563039748734384393
606970637182824331
579781872350316491
251016485925359837
390371646049896713
436679301127197977
264369680009276293
110409891613374931
148472305131750911
585083572015149763
585305545887696457
119314604139422387
26363723867075383
291709419013948657
97966352622347449
248560445396403901
528953323383551971
234682984974518239
352284145094917627
797675024024273701
379772755277345539
206400782077601861
121977846029450419
29662188671219723
113282539421976151
309531821486312591
67983373996333099
54037296756495497
120408585037930667
113021537753169209
32253322250871329
252520193876584519
192691570548538049
339176370921910811
425176330658808983
630088868802199319
259552018290065759
233773799734619899
395946627212339449
53341756202387767
205736956918748863
463962581514502579
141470748756941921
286513027182369527
56726813158347571
213335909742071521
311430585974952449
665457841367764513
48911257403720809
424946025655706063
54809634612401839
305291377249447031
259222168724589989
862665623949470609
58739341801732451
710684642677252393
95852497700449079
330840314866266047
44899427361497627
803058632966085211
148857536005436981
578294601235361999
265984349799976387
250094940754582723
268350429237239827
255339896446631947
303268127734458409
331432832929863503
82653693841487623
265508958947369171
172041895583471171
719743078837953623
390445524988922981
468385279778232673
126588899739890249
930895430857585901
277464328502442287
105482508326757701
768620511962813189
91827080478657907
123523755759444889
292014059347829111
303998679423658391
796329266675719141
532593764633648411
465849346714408159
82975234978194379
198883170260946791
126559691013498499
287156353406720849
411271474816197221
65282525011956911
34889485201726123
44942936783331413
317209061649011927
155270672561402267
238308958538692331
121502849829392761
132239714530805513
180907543370753153
251439564596284859
327205174005130501
656530366998651461
630227241240702097
59015613866982083
64882255072795943
362526808971313361
176649235206788579
355487801721640087
254555681409013177
47902228148304737
578625071551471757
215700640484686447
60437820728168489
44239133745816941
98862160863073903
297846280564013743
283320166687122101
205287764724411251
438107115080622397
151298032491900989
61299879565481573
391073615933535391
60725966230262639
346718956321174219
102834463123629719
153930295062050473
94315433554132937
99286588640891149
785310201388113461
210147291847054073
423043177845940961
661098253059173003
68160940310892811
377387836067389229
276506410742992627
142114945650147383
201377914188091183
469689619933549831
91346966531465441
729352529491224103
738794292256075961
139038579419592451
370159388471373643
205419403792079227
452704630607427589
187576827980885617
55548084257765117
52897693665065657
60383379087647843
773966910210673471
256850642226101311
410561429089181207
431449307802222323
356673870494787271
638788692877975609
130925106874218037
290284915934174743
73966084241304823
217151027169320243
343440956618810177
421977693766724023
249550187787915419
300411759035344081
267608405061767207
256765309266960379
347502144267890251
410433373450017803
804317742438818963
144129772179264913
35688949721806019
125865494345410151
194941235490842273
60846445138847911
69770597177272571
137907067346592673
471115883333175089
287280876488447279
103159980713232127
289057052253175387
162164868826169863
341054158750670203
107919618997015229
537946798936686547
473652137374002781
202477446792504547
375191786267300999
145029804405787673
448479978467231219
163141832535779791
23830067196649211
32510940506785109
110042672362519847
204384158527514501
201958536797813927
44510825711351173
61338067503299887
490938801287688241
473098398723844987
282118236118952117
252908392200579421
33992551388554453
596074778894772139
67072262060939453
195866767091717251
51258284816518631
512831160908319023
631557086117642263
606543094400927293
383735637709524731
342810946020808339
486773118371075737
623573130997822021
120988665588400189
118689742971933961
230426478917655113
586036442048364551
510175704343766687
111044005779354763
166826983085044291
91066141038745253
481364185968201617
174752219113742323
716167165134498667
185129314500313801
153203053655807059
236979546281667571
92702617349498749
226911714652751369
58468248684285163
89960888402135159
741827388169486837
137455631056455359
120701924871383419
589756660314078811
653038350810686927
230765458393724113
365533833762339311
83968986590725021
134493706873509407
553667021583198067
23634778408823363
792812697356287609
371405118786148939
91313738372169641
115928228240667091
561347040956268953
595886513524458683
252417238912529893
39854834938229887
77521155236147627
233685547062807347
92869963174497287
135609142278346283
556726099230975601
483487390960232927
171030860892734581
135369654497357741
137301558911871517
208769867517163453
119596128187579751
488224480426517189
444256124799352289
227987807898714943
83468642317939729
590795602076388677
223533047480876843
196676020190677171
753799919187850321
64300275755238779
561931855760778817
246699831130817213
205577763520293071
567232990576519343
368931684863945171
827187513296635229
252294050063511581
180668407300181237
452564018677263739
210048434536691557
378644368518341311
109857314280518773
328360995327901517
269809096023610609
46033841277214387
823206563811696307
60590946237888739
415557615201503777
103153670715833407
382500962842323313
405921525929831381
361426906991921567
100319994191202193
758397693343395449
99445065355697549
749452907234686829
202189190287848349
890306084974129979
548586283743340009
164281284226260281
423026165022952859
137908782705028199
58277488462776251
101012303402432729
75060132590961181
139381796240881399
247704276727155601
406208652933805583
52142499406142381
187047102240007811
902764119821147537
101848139241601429
229307468516199169
54807341797897907
811743298579703927
216778954660322167
293453583640326859
451221487308830389
173260495447608011
632551719278970599
714247786441173739
400227062804879417
26069365982141551
157584240260914757
274655217674541817
247203339154350203
414973991846281627
355149596058101837
510127569378716117
80138139655787111
96951205720110229
272493508185802571
75487130543100083
301713721342772353
273610004912135273
74608074658516939
394874082495687469
37386787242657497
67908333216484543
77094733019921039
117239781478394633
742708669036374059
301789567457702899
91751663474830633
649207651493403089
132356842198793389
64867439816016829
857794294461382021
49707339411424333
60487798895829169
581183545392938153
76729369704280061
183032551926387407
474535707898301113
200484843632882671
122737925228738399
462598933278971303
352518730303175077
489405409442597779
517712181270610537
140620994906448599
263881612623798413
617932383904402883
162615158390948077
584070863155248191
189107384492461261
391617663125047627
316243582435167427
671406724034597329
183127011819165793
382889637338560537
118764197562811181
212241409810353403
342814673065771831
58913093276273609
84401233256310643
416758434302465579
221724424416752581
147639874166205331
484258206829956829
77419878231178177
145675227688598273
107710643467811711
115896393629250019
212825317899716959
183312938638047847
39238480791345947
567413191797870217
260118441486098497
317837163104497651
276322035179225017
309851319564194801
273961879171041671
112061921703551621
112919445375191969
156752484232090079
720375177072588467
208075431778280093
245219367763446781
288820952869723903
97289907360817813
439552425173306077
396132306896757209
352703692859230117
213325927398692971
134831514008603077
71843653496597113
104082500278675823
245298192783623633
152405506259835611
380233758923103989
437391385918977173
637933205972458853
475919729034849133
356999814433749667
443685472140853093
165364653366048091
67424468725452353
132681251890200569
652725157750200869
122101108675292189
509348393252139281
110789872838114843
87636810951286889
250878512742648709
761004235002754987
309881186584929263
433511537141606137
192472608183303017
143832742329285671
251622156449860877
716656340074088737
324609209804545423
818443989035534573
175459962501967657
190571251552947253
214607601411705709
132668786758947403
235650331205861947
602375148120576157
526577893431341993
812679762085254911
105408408072423229
34066254117160381
106129452165261541
257346111623768147
943070023399632127
139895222788746787
181442797888945973
522483564935719729
711793957109891179
600520967249936437
53321281791777269
585147862452830623
538420118303162987
696736563651733687
651416536836353903
217046281595756087
536864133502168937
66553683144184933
611901057025160039
195404632826893957
271733740849731779
182145109289330461
49031767506063697
149437230013498627
70536419327762657
133757031750602353
179782951133125397
268323788784925411
206804661382972777
411405107427724747
119072627565310117
188093857455132337
179092332263553721
46669505196479609
711241369165529611
176773698231018227
258462509666855279
71202817888219891
294275584964584021
166332885675887839
210217486948866121
267537228750331279
403180122257642113
360457271563145297
153764599592773387
47474084031345353
217894441319057597
288357499271787367
383528506899751751
246192160536363961
40067643563872159
61042744241462839
127592235443119541
58103104204542031
52002122500340731
305930697119818481
63921804355538263
123798619273692323
85461957207911051
551445144477891331
89422600135397861
267256797550503353
235767769556509829
350932532554873447
303081070587145451
129912284424686927
377978463057036811
817665729277223597
299789890158011333
265323293473162121
53756550507584363
344549091213346193
234008333630995537
377300951973046667
175573316424284599
214003518164172059
36454038054802141
286586336253161011
375109879225917239
501652535423094491
527845485075385987
538044220767254021
548625259780984081
233337148724075441
164652382554610463
343370249982096509
29990514735939731
578502592249954667
74414775801896627
84032747193805561
222992259380079997
89585352313379669
120138983381121797
75109309091026391
578804101947659437
390650115977854339
483204117491862941
722552362426309561
126267579658536761
171107851813371523
257197129569814619
342589259255497889
58576396504730323
252854812340369299
306870093491178839
221742713468030449
381622808526419179
346789802274083117
58900705149383771
55517421330995051
743474927079694951
373614513320368037
537969578460690671
131626907670630451
210607529172784967
546470108740784171
272446715219432489
264044791381049897
15284117461080997
923315473040464747
252396344234339593
43813625305260401
267704519185346377
199258305035273131
294370371813822013
693792295861332259
138483005821946801
197488980455499287
650767584873582041
204357071523654851
135073613191701617
49443195709583777
417922996099371929
308325221421442189
336382726746791321
165794892641620819
87284690488605937
84100741840673837
149006938281229697
64138290715823123
93092727476176837
158142489560681357
165200622765907067
633766213850508847
94041834565840541
382073486041550543
835905286800829207
527833853425030261
245801254574170961
67748909750467261
543806894146891093
150661844159335981
134189471408754161
609948282406787477
95734488552127679
237680377600293821
36939236563599589
438134179617590839
94999901297740697
155921381184591853
543112322747463851
487841187874136431
365665946929617083
299679042896747441
197500543563959707
458170084834545427
131581892400374407
84307231995898567
