568967109946769900391702845198791379
221234990379391410004808162897871841
73018909003806350777489272719483269
387421096071740015190132586767072809
146187804611895204028404985770086641
251479859060106224902953988814206741
68436995932157553383970774215814817
428317943224388107290269961481543793
36924334696763727094109386462290253
294962517996255557737425176122364017
205262378831877138473357056533647441
329269105279883149910704391857155589
526373595937287552370212344273569621
149358885667314361330153895260800733
654891742149395766417291851092618447
78847549394824634196162020644170277
267516054677252791683060367786674947
11214041328212623273813223126385733
287946073193307628882177675633927759
207803809142691977025503010036309697
137484726779368293319961406367654469
315263914747264863007033169875362467
412462211630495114886400839495486907
80432039272742939469219756827650757
47468002392252444375564943099407971
194540542395630645336561078585346333
283333890721439740398869917347388111
329627022748386885190377576289567139
674057053012992002937680477391618869
524273262554103541845277952142556369
756855440904318157511339810355923419
186711023378385818798526821597799467
564654219252345271279772642643589421
415472950150345380061136951399021603
124651641028441081043204080496088037
144157051375768781548927045953587261
144712934306803553004421881634438147
141438239977117476221603094353054663
492552351076637645986922931268257667
74742218728551000535568167216485947
726143593863514081708284066607462819
174740489100238926586578091803065857
90088326169821677843876756826536573
254353279845088132657858680995026681
92222387987285184069871682789528353
301669730966308885904495593485351599
104333558665656215204654544511089553
388443264101261604380630760649713281
110668434108185892579833131553201639
583878455453550419999732345434107463
62500888452662359655678674296295477
73874698173956797971030549357445193
357709481247934350091622724252098363
91358605837830703656999783853670911
627033057345440590288141595038290899
153647270695326509698582671395001359
248270712273103789836058347713573143
162937413132695766670194689094512891
171204618633171946414004267553953677
147664704053138697162817110906848081
57339876714212938473039207435123661
101355955631029436982209739077200547
218009446427699942339536285038543437
839110671913222513866370217929017443
38055037941636826729608142828229297
343445853742323556660312594913295911
529902021778839745564592967441178373
289065720882481512649664736439944859
175743490869726525577183997358220519
451044945888967100025051340399372693
342029210412488441712050178221595193
586015731258585520984152765605885647
445839518659912545329126703041472983
173449906642748226560868029572816441
499026565022376309565702270918089281
125654969498913971583557115277788517
537572560759743895969009231155884231
199740790925954490353474837439063131
765305052275094193328082928930773821
100933409252557713386020413879393491
398048969572809400790352445701127193
273236772952814109076669643960437541
40530908861460112130769083424142577
130302024373132718991200996777961067
362853663924962379855512256958787029
103459411835561004330430108811781803
169833121517940599670184727049103487
142427007378570682131154690874020421
294025615030196822170711510734384163
48530546120722128398855562661294981
168774416373754102836704776666203811
492970553410060310145689923310619793
482896493050402469185544172191599609
892384038954782707811921308586269499
353692175957166418463337185919276041
118455819920392088005584727689041327
98420428566668274359653739592806377
596590098123915218228964058978634093
330936281284127516701805443547799101
361035300247802426911823240591542711
266821516861814017510197055415500459
154455307163281588304015489357321207
187636646444148283615972684486673387
279364564449268347295308781394755997
187756265864767435589559856838522183
85664548017127467818028719177026759
106573078749072137363596950340788349
109914194942802598695371144048460671
61614624164174955773905502789215523
198531598002298765033175335763136029
105280165717176441822213332083142233
355605971793383830430482547797941557
78172292978337393540262813098629407
223309782595918684830070150485154297
319476364860390102990933928155091889
291280540488117546022943408249431253
329083803241301228662865251369286513
372272776296316931793319654646675039
222303720635136876206447029375332149
81706951714622167224819575989094687
66936939418569031361443365027634259
889852934571729644280355520179458589
304244551514165704933134972033051191
97835423696470890253295529362703149
42366729803070769306103797571585077
299504767094941011735128164176437101
263398681293792224229149688866674673
331026115696213284174612058172840807
360075659947476906448615796589904151
47928856844829511988213439029421199
682962508100775885871222872013420267
536987031076803819371205774285895493
257340945253241244913787401888410931
317150673292539077711815695045435083
714481928473691391056684188994832131
834953304231068862661093796503178477
486410862567990725543148186100461719
833327776657272505078194326661224383
549037738965098726541682017391473983
184872453746775606760671838557567511
720438240293790263176089324822731057
193248823636234981846489874926037459
641782033521678180460740369731321189
34521049815022915681592934366537649
333969011314797067648244798225186557
479280906984326597943180041264482939
855440074790955197625892749208454659
183672453672626190719946553290660563
452021923690234351711626030552128131
74803294331203138996893326804189717
605693560098821981576246107095791321
314340079051784875142263760450558543
335874653141681366446432189844494313
189928988386443417518082056391428837
238856527602219182449545680709770557
149881501608377394115465881816066319
115547299971749027184467969642639879
312802417703008471981699724527950083
284181040865265572893598152852182983
769772397981856604383554939910390117
32285957963824377277274512416501559
47379047353375343492443967859139849
146555068712932486096976186448076669
496613506670577800937895878814194077
141146140841030249814775872490213499
435627114237726950661049406799920869
305376067931634616390888620097201439
115804849729497836961240623474562317
134019305925338968329289933046638823
113164413094175996672398280031144637
347421099579111825909526318153990289
439568169927339698106073755732575063
109476798398433069674136075505846577
379793385216052570623639956147633209
323470952070743634922574416335100459
143802332936650129517283975591342011
199517680450377933616458064972079437
615940115013475160922562443305999233
496163597478713170171556645046250517
413266236350957844306151458258556769
766324793830338767296765468899731651
318303109048571464041362351711233433
211788150662070429464981792099690059
90504593546130351713003717413762849
316867476807338512659757605269683009
475934016419889222194178961340202731
555440142913672242807095826736299683
434426619158754117310377614315577391
459986824031900986266117908207981431
468356717189471324131061369994261707
246450354316594723709238066915557851
100559376592921558706123896990921957
305296782211968029611058040970196383
226514564386823266024667037260263001
137038716318853098197376892209232747
72455774064027982202651096240845243
321438131383434344652717586547541091
128079286292336742063567792256573981
241655381066849037872257627501474687
535723905679447184781212794609471163
527202008176241055684160584180545333
54627704640761205890841392564520289
277054486001938084123087922694271507
99724283226808259523635326991749627
112530752297279369475753168248843303
418254063346122127323989974502122199
406788372044048980612893262841618773
323391532981608838729019839827906653
591967573283972626652394535970711039
45917602142583162760003635103240151
475824230450088601269185763184688707
196644021235578658329659460110046881
598670441501717814688615661510998297
391192284816861937313530156238410631
138372787073565839641212873825301309
146245958372792775889350147336911783
334062461540614605044167144537423783
299406968398289803890408822075613963
429815359451661894352933399536858281
414759185047057398897060605008964837
200598158068758857492858355923745523
193859435456152648924790335495671161
309706807023367636304130924610018009
460324463635750595493882345809299961
723642332823560585625340603638585461
47448140123289523302717862067460421
638647258291434268828403203278018467
363944377585058880421093821582690541
110189589853103385844500113249369209
649030199777013009940120896145461193
207355802301624659684897180994714997
111294112257966004620244532025420451
337969182137912273361458870720564129
632261820621651014134106389775057077
506707851483397150747481179271394503
737124700023166996701904671234567229
111184570746226157304046335672742139
516847304504767302627967781803501303
553323914676493757377882875306530741
805042831897191707366693264810757173
174820369110209401198953283709020597
110955375998320836331400303096612477
578501077156079860165037697952680587
470456790539241263445527533490954033
641815530074093057698565991925572479
177882694153625264905497656143004059
221325948224177700757335951622159439
73539765683793351247114746267770447
285325509971432077848433904026984391
209727907206999104703425179730990351
46226743455893921369720045489170037
397957738248074307935539272041214403
239012678764645119042688588823173607
621646075153062843628203012599543539
491329092175697456616620996864361947
310883495205135239395246654726985929
291915260653809274209135832878493037
404502109402528135323017791462858511
146514099191158342607851768039145353
94872123779756559411573126770490073
69110868429268959719687864617757077
72472305469553746501310733193663957
443045261786124831307017668976250549
114696568182298996525387515820481857
871545910039753299182559234839963509
449424993106747123287005443365417653
390674781034418895693769022501908327
723189562530412006671136917685771007
82877267499212107140406428242958493
290686633373402141828231090240851931
262310877264084346955139892577663567
342443357877781138395771847879306747
85206132078710056450174757345171143
273048669974575803707722697831806381
195690467869329644995460519599894271
273903064920423829686187050292550551
200891762739308468658312416849803943
24452640563286233695755936834850547
435248898400342842653238899453132461
279711080955979165196146849832225819
268308632123684948974327437123322829
535172976599092938405878837151594137
287398468044306477981451260871108289
204515818357880003075468027020713511
760550124529309925837349756296318783
474360408598912073162924784525878237
364351278232885910905895122451176453
77635558596467405474171081177120537
383521456045489992537286875850698691
282557798073991070129028154317082493
53411424039462910671661046811026017
283864703088132150573372406646452867
447626640689331306524477591289611957
74302651835731801506226889841309163
487105233953242019467203373913102347
746432792108931046838014689682669799
903495608858689407790855084280645557
89967716621500940105029656273343949
235120635101752785956014008604213487
528151280620595998049298657562970081
441058485475637757236239109131710481
405906090163824944942643847321662973
121563765018704496866975206785424279
140138551180522901052883286552296979
29911839067477806555609748487764619
188244558175248479049215794832119793
256996333595690282041653578125889233
181089132356602560707779264578894167
149730976634609576549745493973027269
538503343706852010332516782171523077
502036606373153606078081816045064643
189108270602868273932260259219739223
32287906721751176357497425083085863
360652049801795420276956787235731029
215791774048649713378373267840814503
673605390150655935939486788687799221
293110983569284344836631263351869583
19126710376727406010776475364539451
604674111603144381387925836484742783
75399615865437275418125853093505751
616560209102745098606353555167640693
149978120980927437799715522000967637
50474868809809401400767883571463403
548320217315303818061722962697212613
200344814809677464311973875307577119
451487641421132010458681277705065381
729446392048010610563447151044150783
448424363827554102202810374506785957
88697858747682427612240864114361983
268094728926837925842255731145186187
363887253638466320766562154003586911
295293149850528808927755781603352461
806187525541174500559745820853709567
295254773417625276939836558479617101
473308970219304557970646724599935713
342208039295300194871299464498905383
217943815760372368486993715489114381
122318418957494236175865956420768993
93097633484321024243405099496737201
60234203430592325730914046104815661
82195710627668609598690943576189769
292473343523665976836447503344449279
339815572788166726425214281789927947
132793384861185518224857034345131281
53399110230096407083164549504551939
148800309374753340415757985676823621
109606241324518242448328893978858219
653830740282770751062814383780761663
116919938598316803279120754431078547
883741794524269431872074857275481839
97764494371766471021709961285384307
79955437199782656164813951817978521
73038147790630373472917252927071123
240837264980063059085973951515455151
442296494300464098115993989028074647
155666077797317876676423243495806131
83203320857711900056932502596576617
204242598465397767877034519931626179
135000031615154583114716840974665953
477624689845085917938573652012292389
421862461936650711870017571659053033
476803444043594672293313815936708001
272154390533611802793062287887301703
30387748013549011129413491281575323
74284169556405404107241860764737387
380428140529808280416164224464672837
853776403097327964879914983478907743
263362687193541335763054743435400953
699391825602203973208106840438012411
112200649022668665311529143366261233
434667283673317857015549813059143511
497807611796047983535279795488303221
336645084125439241449863916427244597
207770733571106705743865022282759739
887868375947516483863693394506408399
616964880904596448356736838477397233
174235413580204720762898081685553523
164182019555668699666950463004232917
468525744365416024103887379588913301
185720585027105904059475012255354047
770157013336695906991574214528607463
174047990219122880140194905300448839
476446473949771794404816896399122499
149273362515068696492115855426329717
843155349033212368472699194735339163
822523210360916141224878633222228149
295290344267385962845973341254008437
607883021246884258240299842154953281
522513644774719918685371458859140599
495212157272874046818557539176620779
293154219093763449430139411269177931
76917205518820257764373178431255071
247391559631470687948765826142317393
99037981581948856278955106049331123
807737434408106294738159385686377807
38976493474188401154734046265204843
346832395400940817700953233484256173
37357661592866991972733344687160319
599682292205787296926336122988065407
390056851249549305359488698031996277
440642723827539865377999975354646763
218314657324771585540820748579622321
150251149379171122918278288731399689
383685407774463980155561671927844637
495534676298190563178753845233293481
166571546006842298373568624062115931
293173670515934139308637214044855173
747640612367914326875168798771393311
323945745159021861586166995461126091
495666977312530340549195808398938177
258495109007792631270873005863893787
781634881897425682818794232767073919
343228662334227101474732197454417677
737309117840691654699647647589687629
252444181131389261518227555532390643
45875066951657084951413664917968673
366213170607673678561397606768466199
16454224203154788722719125363236411
459732297527684607337483531398002923
287577711782633764560436148375689823
228692487802406772544994404547891233
467853999713586399559493911581668779
827947366279947601639708458449979779
217036518925570231868502800182969759
376267707480300200885108989100788733
522069197021058566009757015883888187
477704529465836017279579354126900579
271049455505540271709120966676606887
383169552534210584186237252725871141
750429856471665126715472573670137627
522550967996020669594124989673504201
188675043518786233588986753592643183
657404021886812062899497010699448927
300337393235594572775918254926798157
28259553932063531537610130559878829
429572544960622830051860758640042407
221964863529361326874691016860851669
600176670907003333082210225786184623
282418139787583593636932441101293437
419875453174048235930637843711479381
140076702048201383476546801259948431
64543063957584843245759083937282081
489559321032677691837996256625021593
458068446930770559707535321550474049
406973151712760488230348691035694763
244980799622880375371367735208197617
413843855950460823191429010160559849
82124950077196303516292217267766987
533067906614025655445682133347996853
113423265228865390854324337649364787
795970485097983601235138901432813209
188921403580381633331451971600493617
326663569894448919805175631576125477
217647743059375081511130444083919937
239392505111117120642379759562517371
267255792067382887614777763703296753
348409332860012548108447010394983651
150809394611756516145933305980591103
76155515081850551324173490883379303
470917449110658710110513487548812257
164264751758301985533695210630848093
72683270617676948344610231701458751
83054555041837352790552521774294027
281572169744758542732437046619625039
794553699655202616623226546264827251
430262655314459739061363216295459347
75262707643886823176135663026029233
117734731024960786952634359350065569
219943276482792079024332948143110627
151340561019986043655798646463549707
343693239085649633391685216559653303
345394983924384035943841882262725579
48569841580147620520204656043363301
267266078382880681185900080166193507
248633685498548065043744166718720891
214609693606687369738795116877315733
92782711253913921156499634455045613
648940128850396055861839412203945597
250950206538798444820154496857712919
261742113796425877932936496171210453
612492373712502558979540245295493261
271361392975155353593737493595070023
80150356282565529371851087706137231
119205614136768225403211826136300393
246322871973913145930455798774737509
561967560647503903613308232297120189
38496140970176601742684910113577561
260984390630071180055280125704433687
273465563182823562081942625305559487
318920196547554149266476116744217491
252432915064300261858182761873301383
203196144241955746612040292401984137
54771176721619920535737012334872911
617864596336868002468953426002620477
485391413986042139862615160806733403
276452971499344376375708042150096147
428192513693921639384169162035319127
165855447673926999042029567361943769
155587761320465687888155878892543283
433657678341831192612856152813445043
133585894461090459610073806949253793
285678750254721421231640466062775773
417169954975581910276025654275414453
70269798420594948308594926306927913
242052736500364308768725479314780419
150661033879502013511080388182606959
153454678082155316912185849627299499
143420530198514620406895756306076543
486508315903385297043080494740542497
47201401187821293049443288191926361
115648849600539521630387395434026669
799801848170487086508919260945894793
144654716208857545806689332685426777
265890238477737143321138072691021593
604160336626816627868748894635201623
122977413006597373098146671300624211
518716195015976212350024302341463413
362926496347403265019067406273851741
649380378658787139702791413712611967
601904518857493582103075898312189419
241990862361772626832937953392701389
811670368993765299300973033003447471
222785354941953776610081837322261363
171099582743591433867166734294347261
186934887388200644750810298101056561
28105207739297494075423831319991649
459086089763326676788840968071372417
158062673292575263821315039476250707
204442656641407113252963711178612117
366932325995867972912608646361746369
402128337760219004053181251103205451
177121060320483225262923672934327703
78896735262313340670386342771471783
396819085458867257973143860050068639
226684817639897589671468345146587319
597107676847615008551215134152509153
141199817399818620718807859293038043
267614006861959471894167453384856943
123616960922537842839680442393091597
781095984203393559704369979100908131
187741852288968231921601630325405683
58530846160199330645015213417210309
29169801664418185303976092551990337
108723629802805313020669914155435143
106371116601909265906535284614150269
401235246072841062206997130160540003
89353711872357998811184634697706481
302984572997884213943842674886397999
324351336929623563534486642258259601
278688189579266876127765612113188397
62894835752961245125754246339169473
420755856902230354520577163511109281
169173439391808790075374040379963561
137391376458318324303058217271753919
546722073256825568626072604951938117
254824228757521699925544437290255349
79925190350639005530332386826378563
326509690662700399146779832836918671
255422847986411777685855992210265383
466831677016457962854153299288241803
87525630861345037208488967639986349
187604588109083598892475241438797147
31685029415513299709390036898723293
442821215123948164212700705920611243
562275659485514337527498057053289573
18391902165185747777603853696816917
56758596213418837308037600420359283
299504721142178323985854860115324693
52601475212620575713930852911052197
188628000136327874609144875101212953
455095253626955837898660854706828079
319716767001717224509176394420124521
875817198059572847128451841414024859
46868328453348251334461755046711099
209208252598175221252653003554658619
168146747228357801934677475120024251
523633952173441074425227012950562049
528706425794417420583616086235103641
189233771462875744827900880440124921
422566993776333017202265518842661931
79690628342516303747165834778228451
417537488372152293323505376529932189
400740159271995944350098298399283849
94438646571045568326725567222197447
316990514017029819094506197782759843
196513617205127060893167189772643669
777204363438126892823519726213145427
529715687477576602536856800000337279
177600543313934196691593666856214099
184502448594016341205367822930163551
221528431471055184470186067878197711
648581108680397243071340086281281729
345152152145512164748300585603275221
139696279138926630371686955037943141
293776490588022102015571389569212669
129546588050788892101470695151875797
394351202341858109215551455723384437
245998908819879255897869966530977943
412511823846693346552310953480124579
396044247115947931498303377498758311
469727686327128989246662154219399641
36826656742374180517176664248490361
420919263250435822895398919878084903
187449056315744867117193299352977891
298333501906452545588267963791621799
121331589990769207937783439273941381
512217488627933537054107187883547543
191903512727400211830403015484161259
106315127135505788307786872309986891
228659006592639684812831232455483771
54932145957710329892413714399181159
298222911877238955209438809090266761
202598209548333433161882167712231907
134916856669619992781993905000000573
92379344479852018136013023646416707
27816267480894995134020086807998831
151373463262990195290005320775948657
156091763700311926139536168667939419
87716635740443613630256181990302973
610870401667794776696746519836862829
263907314555899572242247598003043597
599005502960323130925758758745972437
81013315383672520025637996556545793
24698387635490913947851505023976203
90259233703781874265140797932416863
73848030074174399573405479332859301
234620094450094017895815494150346113
724130381139109113897922550701950947
355915715791067611890901778310082391
199603596558848135891717386026627043
584992417706287522739163647437087673
88387246466719400871842797290723481
141880088760550924612020630149350477
150638124126668555770724415343857607
373934989841119679578254677353878757
390347785891008491776770407282357443
37312849935323455748241105353760997
55642313418569123885715017665366397
481693847756274479312010425738721511
565702130774203451265152586856012687
184573045194976365227664396566905013
373725716768369868274147319469975473
281118246721635329868043942372758221
207080457547036512475045264515770863
222548746728612550427757095894991989
122536088122236916814350709084596463
124620120739482180517834314503421379
492731681243964303283213189995667667
492223146150791639558927711549157611
94389323669150897831507130703085407
353415033890253238538562742631268937
867135328061266253176307462545878043
216381919200853750078362363992426179
660154474832763786503717769773663393
571961363553711402548821617951695843
231325029551600032424224702663628479
456899098553478619510993251973389577
760271372071257502952706684666341129
362677102371060433248029691709937983
562129150855902419016664269834889709
24805801552846960799864288714269951
70651140668594437700509365350462797
479441491361936576987010576185618227
183979957802985338107978586171342239
151302937753938800622469442723059093
373930354184998108779399088770132337
121667518081850513240670455003112853
862374093469665844620590782316762699
127768075688252984415401953166345243
602950598392724636135003368176138011
181047337166390172139237479327687469
716405818706699986154546666816165863
290521584528283728053331862170779317
388587032608396649283519900438470183
92865531878899205660289287876079637
48247749172036375745217080340201269
268240526294273448078876266368335659
202232048060287367969137103708589041
156774717001094224428448514295679409
581243062786781981196311061581076383
191358783090380596597607618794555079
62383695114601731067877618683338641
114967667850750054112683204312044567
262326278574394716376854328331557817
73094688148607249716627265632871353
315467835959045951489182782269979989
264232485523309656456885681696308311
329397401314326983727011871310613309
59238810843208504823895060747542971
792396699627035676265612621819129949
366997792313302651212069032001609089
229698839039287539450847348767595459
837537318592079063862599815899972301
272460159780283596776712758144215327
589007378995600329035337735860138933
536856489913633360674575158475467063
171997626848098282014029888728280849
172064102860775654725343141989932317
395320346104593651930801134481599389
584194043157504349804466549035218667
229278253380382120819323923633313221
171202486187154383497982887788022997
129952579947203809713101071638449681
102476864550644238359030052008378477
197281168089928861683893743927015669
247668869196915792414907178641843763
298831106615949060720251656505583211
430101117912229941361445614434007363
644246819657365100933851967217309581
456637232897148828436798714548886241
339536929749374684968902079039036597
703395706856601153548205731466331559
303200191366483993328362436592219593
413105344234082562371502210236042413
499263905300926570399194344392489217
276913653111793257954051188817803689
101928163502685641995466944992360407
554429978598758081132190706978005743
85154774713122225114366735363661031
544988519020078781048668893034481923
590073118142657113294796814900051767
260096201989581719506810686119007149
15598332119838846897016193226156947
151187104834309857084499839345211303
165385803400732499980729498461188147
94200306066401047583991760979311993
106076238533787748844511046879119679
125167954369800903287130510660932123
524917693107397678704062519933105633
363736328957335777068723352517327029
209571681592502247125959550066720021
200293058082167101678493439846764417
326551428295485246830653446880907893
118358452797261707994172869742575299
170102940554585859902088111505083701
316675925058736917030217016723920931
350537220122953648021911741899010511
779508784400673424031745988299559559
126860740345357124385580322939926093
407384357709919985679547434349091197
512882866425716639853026473656020153
191857034925090104856509926395641023
596882124723165402669937870991668289
440348470767957245032923180823261031
427510278137413043065018536399993941
105638079610280811274501606725054389
63801895284593886552574338618098473
571912543116592328121374672326566961
43114875282301234068422820197101501
176959081193630894168806000837053377
411387463309184516311320222773589679
31394393577784174390970144253011077
59071113746884358604204215274969761
649234935093995743356674658870952751
335110176853218201860445165042196847
138551696106602318787986613396919963
433498327427456494258041002094207139
454533733044062851059512038565774597
563473038501201169618996311082413809
437804944844314412043869059459890059
566971861895045144186043681107553959
179730216250006659387841254345754667
108215153800161895633368646307242573
97699722215203405279224412266130847
127220395168154538332988809750710621
474198803068761124575874392879045649
97111764319027820589586013147565467
250694250691216327511915072756953447
77696977373186589481677705504979001
101210118311089055696788712522291083
36705609173731077346103501888182831
60402104925955641592896230981936879
423870954623551722669974433001985051
156716346027515314594234196373471851
679228049999903651739759356570706587
223685722270954442056896613765556177
211702828234941514400569330468818151
231455855340751072263094997370101839
118283080091109026580100041194253037
407259593560528249396890496974595117
188616605028488770079942880525806729
720701066782312684383237167828370719
624959527665781287311452530935675831
249772056372012009820200864019459963
474426397826219089146533276491042867
214207428497327349556275989391417851
241304325195222456111458112225425501
645944339831048988530148347769851881
78382275924453082347426818321881909
642776135674302254986033404097289387
119854209379509421966869934925646101
496636836011722392648571717870445503
61595146781178621365726154905316293
156100545419176557097053007321362071
86780503218529216597070429970092159
263648821277198916545755968055879733
371360329727486212678300374632234603
276673600796333729570561584887780887
298277958205446072896439452600012131
439157756561491518313363542381282611
466767726116616264238625729298328033
81558531625236069910831209740114689
258088295156860435267953534070953053
80385684254249386003626387258559433
324466974788861249842349721315303133
233744664089184803722659421623458741
81431335187005246326860493376922081
472880624490616608146590097967528899
197537978570046289536889427426861443
266005372339543062983914100660098649
405453246446999428181602809057814237
452596464790544927917955534889954949
66758105082724251569321848061347399
88618531811565264932528249558280463
28182897715765648296967143886393277
260027505236290306563183768245274511
403265210125492009397537641195730953
130035530979862362477908735910747451
489608081857869333388789714145577053
108962464891600935460503326787735443
282583181639118487690275448933768033
108191983154533608524588629118632703
215409300888680156657397299392352693
122126479610111592072735108325269869
158665690677538081879826984904045997
810930216213771685193687781774016403
636896149101988711293471442068353489
247650543006280311113288500819381261
244848472587022100230693631401002263
630891126201016715900392231269992083
106793735408113265511534230237248799
660274704430161556921078678232451313
295171254938332864341739044215752501
283879031121538568554556748935797799
219997932323834949704797469649563803
166323226413663679091002365201943207
215861007595338634083094785546626911
581879415431294980464089477025370019
751581190622109170363948502776639797
314234607829912415504951125185839773
309642436223253372962682144948407903
248519843871537198905688571559977393
473844382358071599118711115997460369
580946871541600257046042547784471613
375256108721029478811591110692059403
354384144765704761432272293142107483
238656201386122359137018440180126769
272335313755618847665546330368108437
165326860703333934687966482886794803
569930583181233116904844505317469807
203895238360025063390797202980964413
383565387643252907938911589821025921
112192769113105579136668244507796167
57297455684241825206484662678363449
452739554505206509830059097352720847
112143237023852928190149898585457389
84253694835766340233806972512392783
629850730271874194634948122935074091
208336291188036021089968688827452259
42412155453485153890669228402707637
47745434728397736238167372827942281
411049517366589870174732238916647759
495893883326488834526355311953821143
38028403935688859567776659009940187
273308256212712486407621580691544879
264644534857609589047321993477579211
161793226970381480916440173768281757
203074147843273608453906519254474377
237936818342147889609398879598643333
328559281016491365553897515568159253
173154499433439296204642500728332771
118879175186241783401818631655631673
142292221406342506689377421289960913
104970810176719497548862703851807799
373817555374812951207163141863767227
185216796570833072755927535741654947
449151025225981340473934287064907523
409763999756093344292633723345426873
149050181462714638559196978657474661
103649011701622820306538446811896729
398336402319235995814987846869937837
173306772173277291187093704851182673
96116789235861963398916046786161599
48379409847886379769405712370032271
596100267887849715020487304561653617
304138305214358680645966589501400827
710431448124463625087027068963682447
327907097241635162411614409249854337
319871371633315492679245901771398033
15567311035781650873496025560999849
35529794841607295441509562978882371
252871523207204194842721772522144399
99502903186708097699526684590716561
327030927911181174252106925921682251
141896253174188287749275093851399613
585857288878204769958117413847487631
469063385097230252641990910267212271
889777804694363560509778709469132521
456615917510878627984777559334702239
116420228614703775179236498196686277
103951552471981544073918258186432479
779982429801068830967731833122112769
181014919179919501625327966500299923
81469430938582384744106799911952959
625614537478075852535548913135896883
282415172659329316763723152595082833
511049369476381150409051709999431207
261571198087687898483988948255164807
224483211535575401653058669920971449
795170022538490264668057972970482439
88589344965664837577433120681069277
343294672840272394925788020912552059
778977827253431955850010878037733961
332962201034129069304044359593715321
78140447959343883583389192547326893
338050662283055814914417390635993343
548762968400528718737441047151219873
389134780787694871240956774671172619
609653060676248093656371201790348591
319529938558236258419743473128271907
409451500222888601722041058593375149
264955188571168946842095565918251709
254902323961007193181845554949047713
21076948920798497748291640206993587
196656449978709003965430680703084463
36952470396998869401260479979138983
501307263391483840371617782333454417
191541543426441221427792176611377871
295636246462826226249206298325309009
53373690487916356495280293332800917
430569755614140452821853496105297347
124517611764022097666523020041383749
79230635599942413140021641488018839
285904247537741919857423988603740611
634951472303098326315393092936000707
305289701365826358459975593136017587
355149528380732903410380226924780903
158667071323220748975704366600074451
452727078941667344064787050901627399
117280452267398868032278349507973113
460511542987740126421945780735981769
61668925640961683407043688289523693
24355098418892657897574546043837237
143719394030146453708381460434005839
144374980178402380927840263156061489
653447677977882761335446476454721649
660429498403933705474731860352319667
167391674838337526689297741318023829
56389439076388563737912520025364939
94699561041746362742617098260928407
335746962644581668813095163950630621
48229532457658034832811083112706821
197476958656144718422823267540939563
132749221915683259794361407731043089
216253991328400975855756922609965753
111939033375552341268263504509494383
403460354963451918213330839423292733
352398826282783430550145880653470187
467017705015187424864556984280762797
229574752335303828907105235472203093
415108676165181906575070422078371093
621860289808423200274399122115714441
88530563724888431122119399309752147
745931144565740053530303388795930451
335677176095375255305262082689121707
575942623595880672558107817032277571
323465287457538325250014572089930113
548630420830269842014919477209777883
415430506480008625240216081812470881
413135149041104880803372340616550509
424555898256625076036672532284490593
483919175642603890352062008133986761
93596389774881104481238566136105489
105154593267718733585640116478671137
454875230665904696927535122980269721
315380944535043344917105999501705633
143333093613480197397627391052839649
190165217126558436171638784002614003
149250875090171607973360956247933939
139118900048865774026133722239017001
238398297745712676441516977663831903
57684352230548586758044399468885447
42964691218207897034344364276988541
21766576951750433909975365361351317
371445725192659428902029342923506863
79911098616983703864605697833448889
232023538685016046397896121747732249
256283078708625723058006584275483107
236554211560607689507892317709024131
145412632281230963374671684834953293
116140559687723072833341734837992909
150057431940644123552981240388133939
194162000896856636628002671254114581
580635619788438614312794845135616607
86042308367599495674146525011049447
298139194175895156406687074352985561
463704044197980618880166155708268113
844507942116095759950682344637289349
184475337592358917193211597648083641
212481232153512135348889391606264797
