140857019635921105652383
59238680283836167432699
83126326751968433011501
548895361558830092852833
566610851239915736986913
103278099597913356032069
606787770214544489066453
78572863338358703536757
115287089167041485828969
301862555029326960014267
392471067116700709542059
142081496761138908890237
292734958838177610576449
239175084899432768439191
173927153540872362118123
118901801834740649284823
33845216952256537350433
134511638449623778031963
187649004657443547448133
313057288973244684873943
687619054119987929838961
341244471611304596223341
143662445971387751364667
450924531626390655156097
119928760141270376213503
328865051836453795875227
331382269411305400058339
478770036545002924109131
71671182313084286986337
949619852182869195532927
40970523458535046500521
905094959185987904276869
160833276198892199278357
172265536240083102400079
623564764270771467669713
386683257055818892545463
758538595248514468963651
659327515178379145347889
114153685459097927005277
776574727585015252817263
364736248492809415159943
66246338297134141032517
266206238811940686069313
372528953944603717416847
806637844921248935747387
709834404233051751093743
78238016177965716020251
11608455578082225688073
569832779294567475589361
419246443265087463246281
226826277860035822070467
173957429723872153347977
151041411916409073391237
581821949303338753980583
247571541854664172944011
307582350812590680655091
81551890626950654636129
396266106135502581359987
141019885726630930784827
153989038439261937609091
27333816690542838367673
270714434534742192198989
593339542561156927345493
118928527171698846704461
568961570093752233200839
371195578413804494244901
404311137357746023035643
391286081952337926185173
221493618116274011437393
260380442951818989378497
98332787158236331162003
76403189992961055277717
722044151664426334859041
238468552509231215233303
133208338446547946429671
183005884191035312515057
79550519025763672446349
98507156151902537114641
213588164083038800419099
740802565176594751434371
204681102735022064504963
184316165647203877675319
288390796925394224929561
30348100585464581320781
97114028171503685646211
98230484428810052336627
41090863299705665216369
207242338577123443890761
300845777529817847724911
176353992043888323271561
39275669831947993446439
734346583721183176747481
466494448228076806277837
300201004513722263527327
170742352407637540043873
63199825441129521515311
363533118513332613251689
166682897489143159988329
255891860916220841761619
343021747056855921521359
399192905864687730717743
140099047317026641959061
74673976892486050713379
322223274776043213716191
211013970160073065083193
620643131858682947039497
168240182257296041827657
310004677620394119019681
35068353305416274751617
103879181890069968435719
489760988811584730691081
92888062864911054161591
53435026769224949534927
178105721442283391570227
107810986077185230412611
380102831513621393743127
421375456363015945151069
102816843559988981704667
59353173054055033193423
516332240098367546401181
298622789856821785426997
729210305866072084676429
708798444461082863617589
324392143056540081426793
265690485737705721252167
35144340802013487730823
425585717102739395876071
507114752856841188050723
303307994364233862353809
197939974324991720447803
668081089116118703090573
391743817455584602433273
237567199735697000862661
200211368963438809794931
401636569102320768076429
592037674922009882858153
113251093895120829249379
98248153473948522695993
108092005852305069333677
429764026810527000663961
658992827881844104910293
149547163747256133367631
159896346462353204502829
84622300932967605697403
515644571950014499330619
555442734874518982679759
388026619017091471174237
709336447377265612577611
368962137557036094622753
218535428936706139194737
113287880234575521877733
253826526290567590084729
277971198655921725606989
323582412001085735494501
202722152915753661465871
413933202656906964964157
888010319658785105397817
148271256053109764649259
776196069262619111419021
412351301004051814997701
198964482578554433029589
306803079465537246603983
93508050843777190242077
607936998167767122887047
188142716958513150019051
454688486926352371930547
192912484222712033803909
551069732006131545313237
523049820116033385150649
131543124512566387030573
56986443297162602514961
102316059828375646015849
642104142968454924936709
424740954378843708622361
353649557026471563496831
675700633463715491644819
201308847054349534487287
324708195049980151635193
530356050826130445437879
507061415894995085550827
24937028909220371510209
236828139784000281948293
70210487559676735506733
578088296701393607866301
500983275932350347247283
132739454928041665808771
645418806292802073507473
58603037952190955869759
86623757202733533336529
665810311300924986266701
526261608927382850894761
364887202157753823151811
423187944409173402784319
213397593925523206850069
102635196938376332545969
224103246556782297179549
575458091138870624191189
52485853641721219618571
260611020832023963740701
323223826332356367140881
163314761122379882280263
161851107395496222229819
724543498083062794455199
193966975648792475428207
75165874275017780130139
138888977662704128649917
228766041477525699478861
37199377057529536411637
312972901744310385225491
434525414928031599220159
88130934360419657668133
137545950678241932280031
782534537108626079733377
561311515264928019473183
99547659338604552975209
176557954145091725568707
416335405790730111901847
61865620553814066819899
207295624162618521606341
156513765523799931532421
438926501307258684318503
638309688586262561347867
15323209358916731356751
797615054412406671443423
60608276180805836118731
114128020828494488957839
298719938170521106294037
235619283252319954974953
292852621137754278933707
41133532535412996572939
138803240242084987927877
442919718214854690616217
615471328203321429479989
55802401395856203085499
148743269997626225890753
244644451832493722762741
579213665402220666847793
303584175289106272358279
387001863221751893011511
166165146743102401750367
62436982940143575811049
102059047772425167542869
221684526872537121492373
368764824980612887198553
842363554845979673678069
516887410045043437812949
612643657103707547344847
172357143771727654257403
195450848794642188373273
542918851280311735950257
37366358104476310595167
398070894545364839635939
492998667193133140496861
222043018197898167689579
114476602131964809437747
142607713810987652099897
250881404138566701159923
488161902465569864278069
51295238359692842821157
408513653020975698508849
106339344590737211541661
255620192588293761612919
338455004210263671881459
21764476106385128288281
44925931396273776916699
185357821710286873190989
309610001219620105450493
281089288363697153560201
625406350909325032335209
186359359306378747381999
529962182440778115826219
169543201733100091842311
491658179221563773985721
261430156705259403421393
400186732988500192951913
820951006039205191317373
93815587626207963879721
734845804660050116086013
14749319611593623868593
173180887340020950988859
306193687104175127291299
396013315652753732759563
248509751990101845231701
930351711545136031136191
479493511846071532105207
681811376706029585529209
238767571163145084894329
423554540969348761111213
575967358056400480371587
74312340954304623349733
236608716000770191632397
195705765247982033935091
317761007895321109731511
168030225095580464742647
65140598169817110865129
347890021223305010689847
42411722798015818773367
556346682428400878900309
444655194032378364108097
575887220921270123202187
290694276289707312714431
206990058798192393493937
590868061731124570507591
103549498354136032821349
96681564176883371653951
392954083088484351368903
43710969150950178829309
536193537606224363868071
155679461643767564860933
406563812431009383028651
372892408526612261098319
95971657378142514455341
374941960935438599345527
516753644698864304056487
59266166029460511464587
82617870251645465965367
649470865048101834486739
105545318113864904423443
517357629789905821147237
432084047714627130827531
393045224043785835590863
769733691265991351421127
268393937424664891864501
202311057496130733998423
690309931912782932497057
57303149160126140351923
393678182242612604738563
204824722164841745415311
206952181825630858363639
146089363467384137437139
367133017237377626199721
244950610209702838399867
185211394615358301171139
67200061970375069784203
145814232256579190730631
85456949141035620889799
699686933831741708414459
221716010545946571550369
103435609859974353555343
50222341875728065016971
195766692386139319993091
352945429605090022744801
159033283436975118505559
494937673357655713757567
651248121330109849187717
254840088500836273246081
294939030747872682628003
277503726715129882106263
226441683192136706879047
902852866482152957696909
247857651763992129610423
878443902722736017071541
387855596381577308751883
347346004798395254253713
494887551704739495048157
108100230688194679878709
593003196102993019025917
460195668031501777368971
253813748316853784142361
136189247142089273880161
215605340855768503429397
178373308708757076730891
48088552118543072244023
29106202281881959339741
589263752563507182386689
362898762063444909213551
201444602553737897148929
41427744626076447252113
117500830027480057197649
383552980191276660138523
45356099385325628934323
248851167609744823082677
161234778142169703653267
433857922776684741797327
79952795384391957335587
222394611316590028466039
216919926148548707241389
617028083903201353694039
39503724605823612911743
747838965628189634122981
129570294009536080469683
451581513409751796346763
229059983020869681551909
112856642141578948159961
155210879098574785788503
65290532388035938534601
505098016738943902657597
71502592513211873193071
144803898032285440683739
280328980583047910248411
520623410663802552930829
221907346788887372754901
510915279023218738347773
433044387234333758142121
161024896596469934560057
189539245246948985781259
141143355771225930656543
172851739421326072161137
847200675281765948576159
61346965879902019589303
448318210299502334815963
70156507434607172697697
232783243250271838258003
609095370816383577040349
304748074445830463855413
170214996105617197651649
755948329566573913728719
102368983795766270248187
339913360607886526567459
116988767720808731535343
168931318827975859108157
371961015542486559704297
356662272595003705436861
783417567037284257506459
311354326357011545062387
651677680242947421326177
247564456053976751550317
57315516291674878585553
129580912291362441798037
669324210935256945294887
583560774616061767854929
715554718949940551023627
231740934601438557791641
141137953795346900659247
113243604664861086875887
269916133897975480845833
240711068373144582172621
138474657107950610762957
89806571969871557603587
219068854485856843870879
152725108289508999060433
274983469679077273416593
116915142253904216316631
28481271038971012528759
269960345813576575728377
607685659169427989985911
228519379408461128137751
243564263352495974806543
94591083525061313161091
169630631609918327654063
105329417953263402546071
170937634190164033232791
158975107691984657317469
150154931403944703729733
606785844146726105288909
32423499296060552067743
157709684097743551163021
31367568354202733510323
126302450141875593516089
24151488341848248219691
261436934792619732915547
295295588167840806555497
203099100282079386462359
180684697372343967083093
278247544434020014004329
61739141571361197574541
280544187010845656820599
267150367584374743168607
742717043352998245311797
128529077670756260875703
281448155007929672031953
99901130603455354434631
54619174111026671821223
650829733700438610419033
56429151378739322410399
101183116995464577517471
345242200507371619104581
131817201805300535364259
59235580687219776636301
346741324222733398633247
418443475211656568623553
115019035834248388718147
161825354766590775784679
258744831980236795575209
320487772538821235512981
604502761502905514658407
177682352747549004157793
526057768792050761803651
150627947471730380107987
506536331708211464657629
262009969599197404131709
457868330500368757048231
410690585104078830955141
309680723885885856365509
488298385683353346645979
234832534248568544126173
160120645629646785098077
172972880105277145306247
70330853798359980734429
51003519020310473088917
454044675013175597097433
254563940030818725567599
179845393063285486032737
376794956353019983772393
35002955672444289307181
59155632187576940424151
348191396231670894094853
97751591930041582085899
318009394687947176056709
436896684452351398046623
160224526901181298406299
120627801282688731989183
82560352102566225928897
307375875755529446478997
101712771584322993927719
500857869494721956270453
136337163588141270675493
363782307310397132947303
362142803102057013208283
534067700507115597271093
37062522490428446973509
164520488015557342876073
257393489286391583272753
524547730583226222568561
155285120211935704934051
236847076142858943024827
421290238430244267296791
611251349171954723215483
498969538364785461119261
165681727657548840825133
212069933925782252273753
775100232156534004673839
402923600894727431748049
262022658295264045819313
488493688220164727379119
335924008736341156187503
695517890813702145389513
106678138132223992126267
199473948775647146495381
31652698995661275900611
248081804161352297848027
182191860364381326054359
390157285757331010104737
273457590232226442346789
569720915262420127493237
110946060999675877602119
210104737764538676743613
563502639887708506723093
115985818057136124887501
424822387377008695602823
636855427895478081811589
161029801079847478822003
285680463823768524599329
80199697031416333509379
360894191571482955072179
139319877984222359918303
150282838817995464769813
792190066578147539274787
632311553545635476451287
78129325852526106907219
115128801457073239753271
227901695338494780911437
153310861396140862051951
783802062976990678767721
121726563421253648539183
181645092780061554415693
113319681390958160546749
743694022653647738894489
666429112298151745846691
113797601019692044180807
393911233701695228197369
327213199390567393701949
105331022444778017406187
339017122193445178194967
178079321797007419281877
317210617329208368227149
331038400713414141949711
362969272572604056471811
459384444168331436072299
533169832893107465617817
120735979834055611572551
37293196066900191300433
378705237076823523785239
81911003379701190672983
686608110010731179894159
358856149039944988064111
213723054867347954858221
99240808165253656331449
323488920939850686678523
295425121390215822420281
103116062815377362418011
381208571910015217003387
425822579239482912331931
160787612627875727103329
779316475196166407474719
110437073689869679940581
245376836269572026103113
249664707710838703278113
132276685003617128440573
93411486417298228937831
445035444505196552817533
259796857613717424989977
284181523677681350688101
175628871310189862580667
297017104086831303642793
93224403309647981349917
600227602929821729239717
55925185854390698098531
166729548447960301665929
335219592537489329224783
472687183253353047359423
116223614678139085507031
843268538901542639446949
72234880521687763746851
174546989483205898966481
372063071886869156959513
260928833324047086814943
34420455726722677983377
509568630226221963736817
456375239829854892507853
422726580775349640102413
275612463592389794675047
551091184327242286102283
44800590154509830336837
208929918693603270060349
116298009621161007706777
224371807787534108561731
53608408526731452811579
363837954187664813804713
161625362831401218416071
821588121052363722743683
329696340078986025762779
136227967450537073745407
123504467273927806588079
440322780707647740375289
697730666107526344729043
348767096134289093557643
559625937541625147593567
112749457195381555373389
266314778492965934282009
171691491311510283414649
847599202441043223254207
873860491761358601797097
768403112492198994641543
150219858583831944958763
467370163031184215896091
98773161480292919562751
168701532775879319033093
191671245071128437190853
64596935784408881743601
439630779111621871299349
575332409529709584142297
45263066850298721955353
411477039938965931540903
426170323188156741297277
340826158355550385978919
366947471161264401440587
91116830693175287439743
116376722204141640018539
256624230283407246621827
274203654564861501606241
105528285578170967480681
47991740569418935319929
100291058909970063408179
585107216466289005713113
216961935166943752419349
145738718441305609547591
767860846372333050711443
469470957427797861466969
176364117142373245665127
215163716492106682650433
810319955172875266227971
268988828439744479542849
89119495620781109278481
52488957733826048969903
199501663453421526029309
140048304699616465585493
519023254134975282790333
180657851764814237002543
186212917826445359088119
431921487119983524895657
124257257602267933356439
455210725534032290832959
776741794216944514207427
426438863712346433092741
833920924036545441454783
573603939323812818732593
403425679657723905799823
339669205649848408115347
345158549069122687644103
167677544089211924449027
108323127178772210651987
329306239332195016123663
65652995651929392607543
55539919749167463623693
658216144471419470756401
701774913687249390290021
270512628271775113954229
155497337499940892921147
404037107306591855516869
804281491835641236621119
700244889909430971748613
408701459253755303138989
70169474984217388667737
87452290860063861902299
347259595002640359560849
294835372769822720025521
822143828885163964479799
232685844531413693939087
907961949631226098878029
77880448950463194840031
128074062970842508441147
75287024532332817087293
382710867549690944026957
220305568329303596549741
334035150352415890130243
802240575713585603866087
478874968931988168817637
344321668912519667049449
275549037411637970748643
136216643145054546875261
213952412360330443473379
504157408375567573470013
447720018406410247661363
85906046916812271719377
132802013103205628314189
278983043698486996527317
66501613798618240769143
339064230457070612124523
907765596929404924353389
99116246317485594265933
538285715999626475600047
97265780943959178314627
57953221252473669237121
219833917236585598045339
534449850904767408414761
370548219965949941981971
253710355269073463019439
110935812923546953839881
239056410476350493381183
350893936786523976704207
219206652944148390312719
174225201946563088075387
493267986390443582796469
27222701520139718576351
152187442672199825348567
192343709704271121020441
299412608045325615677717
317824725168398139674399
116935940440817107920649
826265495893218956694293
569856457399330319005121
347884742863801541120213
100710419917253519663881
334202235644979016449499
643288567327775777978393
354201234958749206162513
350095947429624436884869
535092562393633693938649
174559493162666733095867
191250183786395993344901
58631352685899996688493
295538422071553944735037
28282736334198855448439
616442141720128950921007
758916176341486310201981
336731364219161390635421
142614831960306381016069
131110329195339607461913
135675235169168634277739
388898663984262475062049
702433673600680694956817
150336804159339809927249
298519391850546755595019
930286151693313853857031
376607991681217530866407
570878110896353855050271
695399074098897896191109
184815898539178909385419
44336436397340501587093
138269874226244109118603
410083963402176426339649
269523532063100774767387
23443326424958959161943
360541178063707418072767
705840713238137078187499
45322683774610896926693
718075591264931154931267
131819732185148653288351
551506598242180281512507
115910912314329215808209
316990262299193635998977
574809678899376735685163
396911145048317732068813
334618330114600038926689
694737569851093497386101
639414824082264116969933
207313792627616797948457
657931310769720209758439
490914851077888786290167
290341574375908548265433
158000623271333570553263
550760696543254175864189
303993613341889039970671
520954754948423346778559
202381246453140029067017
240774949205297495749127
300479252644063710031453
28951170692292493238381
108907504168784233495291
94630173613655262763151
133395578306242923940817
38372464700094927772109
262681334553814314473831
313223577040860094154669
330172970512999111016663
387166528023062619885499
58484616734144514465679
48087529941492373391047
215427454742339892223859
44287207062926076169237
222953495740856705400559
132325059144509326478059
123422743611071771112721
98284602621959264954683
628554174894143561440903
133480440077495919000557
86890333337538828893903
143969999624911469555671
177378429288662009205143
237662514653641477611173
765779270852065884010957
30778656993784784292827
190132835473830857257997
415168950828942038529709
436231731460360725308579
266670296882153956529477
319464780811381385807167
644362518404858139221947
118871748019923418753271
562966979074639659377927
175698011355091905773393
109889061590841334937873
143071332440704286665303
338148515821281796761257
145437232366363885431431
130765601160896980239037
419469851567052084157561
621435892841940346926779
60938641683427163704771
662759841817237745386969
174412101285578768763647
43839444244574376789691
723789569131894195733837
120494971171197483013327
28646718208075422675119
82767011392951323276473
269612944283404493689219
321173934399511046933693
491622049375981859177209
365351162880679097627059
674036725138125364591711
176771570578030126423169
348405763870223080479229
483857169436914904702091
298244027897568561838879
108113979257636275959991
135291201180111099061361
199078935210634611349111
159140814865787418538603
144262945380969487810219
93860864255781368565643
247124538426517273447043
488306606244535049590709
298275739611905349953653
24498027440579334410107
96195771832842656190031
373299589654773601142629
412625394867221038491223
336564614424941117393359
302885526356658848647999
77213923242371960353429
338951477124495082505041
434456356385078882255551
226273929249565877411383
239414456078322773233723
636439905035081015086123
429210901156904566261399
538324367572913827014437
34663398052816632456559
311062883678947255354937
183411623029267700556703
161970141519290444872853
319047309662156200774427
621634484336034610338169
301804752253941219688541
257041124859594834298417
774522467551069966658287
176715982040793264963809
127976715511600070725849
247684468182603440715659
894896040597474083178019
63412032115805758453093
893462233173521745756859
340921360647862143702937
250349477179734365878127
393159329225244999926731
400459209556423730468449
60116065699142606557093
253881516019601466186887
169319980720830486687121
45285355016522409835967
477501961849828086907667
263868124008748668422257
728198224161680632053493
251398312899321525759011
135790895216328388133563
491919169395788440852373
187088864333420678001199
202607785735888843462469
847343208620096142656651
511373879263942754619323
183212228200116651068557
475788956617405341195239
306504602053113270506989
66135828597171386435623
96458960446708477620133
42298910506967802263293
113375307830957123501471
164505321077653668309289
214833511153011711014897
140157690716287529598161
139175553211696884425203
886220271813360365043623
244265856354728284812227
121763861789450140909027
255471352922697192972947
249433821612558244345939
497436499442021518632697
233585595720901008513629
449393783194848597447757
248693565500242152001841
182835294233409809209301
57383349213358040300497
275159811803075979064603
69337523021303370226697
709615856123618733154639
153967292826316113169783
222766116709735435809277
148928878689138584544733
42730781134436552374333
211275730254399683855977
403716503461256763180197
33196922957455804624811
281876913742637625322241
32427809082568021751887
128797692672782979862487
369172828741499743204147
412433116883413606351171
98539911751546149694417
788462268019380108147289
313457703866314889129233
86667476119596241686659
143674625967465143070973
921649513236651781929329
154272106585151365124767
705920460605144504956349
475974212970093804548563
155986511950124519810467
347944814373916160908651
49328996777383945117297
91894404828053213909879
141240527778542042553853
63736590063387780263009
92053659986328473827543
283537059980924981681041
482527483247655295642609
227033151670850168812669
170421310051831990503601
87116321572829496734197
138995929615154111335733
247406836984634213166431
123750573380521326736181
654876418664014438359757
105360115157138689191439
438599401117304692329791
53322967245123307804063
432816415065540044281313
862552876968127102925359
770429762323684286748709
165033258799663516735003
687361452093345145934557
42089391525099140580209
605514755162624383226471
747446825095847609589523
207082989591940911852643
727596944698599240884371
568808530586421111425723
69067664766989712811709
127418172247161254000189
52625636482223970181229
137431285933087189224773
97197321813244803651469
283451206384447559669413
160710997867629883289519
195027561066402374430889
353288184634468984189769
101600794340182455495487
292018360489345451124539
632298575234033268397957
