81267209780974212856960773901
31457914776933779956590430643
247703246645153959146411053029
632595175047912447054633104849
454359789407008982485717742437
429063562086017852375199659137
571302118646206730062514799739
98086648863009745126010464619
178753532218343889488193381361
699622982049611245145217856903
79628698149480509556534602927
267937511939632095173375144141
35711058452131651744094544079
602092458158128776538436344211
139328173970282147783550884417
53089984313134799563515062281
92246089783353958671446661389
694602038035958676999380346073
304416762039242135387323013017
615362053768525926676972448617
439472585556223379900725811389
638477967883213902520892304263
496146110813722938469075795597
542478778619385331298849225557
337094272734980174841710277503
190764967658974185912076094081
551539765780545729654996369101
521665593752745838458774237551
479540791720989107240666228621
169022036093281473429307493419
93968857309568923150904605133
121974290331298949939625628733
94355175943421059136156296901
512657024481578615420076528743
198962359545893591252473669103
622507114380170014042920653279
134646277051822108021485889169
78114460021299764758017384737
143730059325890849069264642117
474809391507774955097503168973
324411982869757821456972379807
145919972812792534790939610349
376788890538066649073681649799
535805003450290760612194874293
414786994289648268039604482277
286996359525140940818152445399
124901161466498395984150971103
675910866123286354157700187853
97163447759890745863413799693
99605879223249573674224895249
289376751192399553662799517413
838619864068919198165869604213
48732425030973140890625061559
42066159972412136991932396281
119085996846374584393311614623
354064396492341741671382509947
112829324003058406365210684131
165717038623510020164763592873
195147432232870811846065864633
217030945276641546076605140753
700674006631278848351119720897
124444148754117624917672007697
454467923191401954339868148063
294117323697248479210086363443
110788860131974286130644141669
113734794751453886610500652547
317219493675904133861196231863
374594656157477651575380798869
342730583173617747344519599343
626516079479192456820511255841
295764590979953586210265808341
130976500418036036653190918843
298357671668585800096834430033
458851933474392302706166213399
363999960567122884818921211619
186553946457243937259524648187
275392207798169014240309912679
469342056731264581166487705659
371709775431035628288332425453
293774747827663104211034824987
486497140021597391471999540023
45740096278307646887242523353
144466688115871808643362404667
79844800283228023467375986917
356803759366347581360184628639
764865961452068474172166265387
515746955095314316735429317419
157424575517593390354082706091
634580770955057019177008427071
166750182996380396784271808881
314208713306096218451670048881
145270375766476318708023594937
429512698066966625752092217979
445092582573214798435056202549
122913564713364144325435387573
756683072437156278111790539409
163727675137983088868784787649
292214329460195455047486543257
649489091515155281288910854923
690989065420077447785072022247
78907093351794414735868956679
118984183081431290379232729313
139431346434788960149220145781
303423317161154106814691640023
205086085907519546573981855911
513423155500144165613911781881
77828101708452928375035866003
37370552573735680697713318669
416285644087955250303976790429
155666682906078442873584827837
540273250398863048323707889901
461367538343024212664023419287
400005131478817708408145083289
288045054963659003322546589139
447784085994141276855576020177
83063699605077818021375783771
558257211104068974279948388841
32074495693483518646914956557
94573822290508157724517293209
82943445928958174936323953823
102334495269674763668607068807
325310586680043439170745364353
476303324817840304597819995301
239184236326122769258940728381
92905048087402569818969549647
247750987144489656693736612871
121591140714784103529350964673
565630896833299163909151287539
104361188334823364217516395353
834537725180671195725095098679
146833862439813353271956529673
271594262172570369133969662019
233463427589923990080233467451
239334197747261866860036559481
106141747207171524964284323387
202187323527866309786965026043
116818026454112718828597328339
560291249638408662001433848139
142874883385047671518170699977
477998017485831170923058228381
107247427271094244501205553271
485332336790872456469026512229
480903536673388921965109046993
72071506034486552831064216199
118551670353615446033694825757
349791337100078616432969002761
177080019437719518441059794129
242980257249656558494960995167
230380901977627295304204839833
229238105738999512164517202707
149766585001671395235813732443
154892379514285512858727753931
936504206150291052790584461299
265355240761018378517193580547
431057882010276963351871983233
328913880263325257256105617953
25031103068645491277986238513
198336942016627856736030091013
235572362815551708760383399883
535239452478726384003270868819
320693339743646458805929839173
66579794460445928643171378491
373450479861996000199414571491
218086826657894097721162479319
154587308250543091799740716689
360275079586936879129482795079
12856069399976982948971078609
110728476249861553210635518903
87476129042247757226548622141
238756749483890198335178911937
156534312588009101354932478093
49619387034203052775576056181
162347431084744997889643015031
917811068018332388384601980437
67849881572070532278384920279
89478105269922322469684845141
101040709451599068063858858427
42522961625487717818217397369
109041319659014515922880422569
547074352840172061711405171773
473930761293227596852781917853
475820286986370317675251158607
279802855616497724312825493077
137688043636768500892047050629
498007799546638978756747301809
46026023422076611247863506239
183686729360428921269077093801
114957020224081804420202538397
175893816197240732029017128779
563428044223728078532088599469
410799621994478169308812974317
323019061853608691049294536549
163948324036524009049131551401
100891404468298196776382281721
252786439270322397288103055861
433020285562081808099261593021
477534548417142912255925924243
265752478300354806897973181897
708717161912581835583119957779
462111743824186388745477816509
190147437401120203819242615053
575890205322340560165376236823
353776997071439104941563125777
82068500286613790668955401147
386879561030896119612624365477
279728006173144025893857421393
374673594503926082688721651397
416566689199218810990626047589
321047766995291558760490264567
360672063455905982243543339111
127173601207249928588952517513
293196677788970622563636932069
413688126417517839999657477221
50776921088195525013265109729
203094763080544091843438717273
70164844234886618094342237863
281446462277415016882392203521
242280425706463707472858486063
543853661359501740920065936223
762406903960660161444829087471
206171404270321930076971777039
321326650401321796326666340673
320460246181064336104768625821
393231541190900727267706078007
678396149678653020967462194157
294139920989179100462054457311
99388666550617570926745758959
136378399027227197314055251693
378827647598619173591044319393
288717872628231555278746103269
162310751440832165676885909127
228042681218227110476868650813
204036745919666360948824680911
758635416107102824283675815933
213561652004148016114368757147
224907257878084284974537317799
186192673068536127577229592013
340606781947122325772366257247
213924650345253150520829237651
437995211799688968267277363297
114814305774094141091855833909
324334515339066117300971470609
145807097316873791931125590393
117936480799652823579720447991
546408577273576456002454057627
560268443732731957775816500297
570073611018637414930939420909
469786095276201012198033938327
197052198536263182405409133707
130859554705016048578977597349
172990641639736396953080691803
220490672407195989918784721039
590895566196137398680236437007
500086172502383657961173044787
885827465843771801539989654271
220890263830373037954322892471
44656047847773072983993529299
164860228079775737437358653247
103824638185820141663748988087
764231484181459038130407762877
246282968221077809890933070729
527510566299210666276583120991
206785582565820287472616986541
63952026669471083172326164667
37045603523755489341651407783
112895280122285994044680913311
320936122790032112268805069171
184876905736071976769198372531
184446184298349812921127936973
275746850621081030317439796781
103016208993810415584828375733
233300542910539827293255788199
291902683190369903093826412411
374585688332908427695818299933
115530613585580356374660619549
179552923170210114407009862727
301967862809830524660088131397
179857161320589100819907439691
54031839557042000085384384941
37261820574332730181942147313
693429474915511898907073407337
49555923930174176366450977799
166493911007975836989993706609
504281355191645952984781048523
287478405702705599334230993821
380931041471770608065330328227
126610393873351091470115553829
568560417587119980559987008577
48927065825023245602687171131
243024403916988986572445809573
136440962370121179119005319639
208826286036921762383278326121
309660704594171247775946555621
522261903825233342231867945779
271027279781687292828927423163
280297011477663580588898142637
163286617624545470029020294751
190111232245622781314528568221
74470316327009748353712421651
209621695780495572114897125839
57543359049710191931298227029
351489044167482193266189885071
108360960032298578862746618851
140983081609545300448970076187
370620510032632864101971461793
238596556066422496449524462993
232591005675580675752510948481
245224183087738582339813925389
489994333424786518315385992603
152827608744702355688262005771
289992435982643422182121829977
143363294904640322430523792051
121756214836019659279165766203
19789414314598319054826635971
112473362289584002612951459787
46499205861250047983719260013
21810283857892413600008572697
23210563806623260908807391027
552061752772081096844441372003
602098247157578321925334879481
153069427887490193136730317937
309785945172962175306574553339
348110557556267506488378311123
192996124875466220353682091053
439003339133300737959692065567
356386752932730491321274386591
306696105685350127753183061317
491135967912385443223379577617
890719457599901045736054554177
168853290163539842111852372011
621495355313024975291942749643
668312808624651408111164581337
423151195714432297605312573067
324105251355738736958111540183
483367719285714623384691313021
158471636181167726094765751379
408758082691992554642166700051
148327628109044022111713142937
334289069359579053320096831767
347782709225244100100463262909
375875979561200346143041468613
78303610183508015918292374989
741908815791166892914759403167
175931640574817735051402213501
700048245234099388205726827661
51463253783715290563695402823
334513380858887547746030247031
255910096383774499771357785589
554911210858211656536513349247
34500388363884356280493713493
105411299520966975739914422773
85612303785637586323915333847
377752352037926652365562378013
259953281038640479462145394959
154701504744577157861774552219
285454257959220814908125452289
167050386016495005785786223589
263002650710733838679726753203
248448800576007026005867412173
40713905685527056183052517781
493236155953024146442733546431
516054846807763113365765810839
287750534865913245933757391167
310788912340063695729703247849
77910878911531609017742358261
42570968635083632361701149831
179938111930450770033871467677
81300795636285727883007852647
158483870663038079869995990043
454341349694701558726041243389
109925214792111801014310701497
43094123373353240766581249959
555345186173422009996573962137
267453269651965348280501997241
409330925672162857386278650183
154205038657409740499272597081
467389183546318434452385726761
316921538457669912633969868709
226521226380660210478981180543
229721006024148815957714611577
138730270859760952336540674359
270682740497167696336836794417
122350427208385921712349793339
121151620711203917703742687049
544588348226774222229396779617
145940065167931735380883836169
129241921522941114731354317393
190429954139527021469282695337
245058926660500836160788188257
241297220349757015079929197809
62469278468258190761969824207
289202823797170068223055279279
190049507019233602324131863551
333745679832075099010354641563
407692872731746960138537535521
268284074784578813520723374011
621175665430292931201607746413
64583225752774253637813837343
276615417648853755801134149339
731443609719225071491482887351
74719786683858231356719980859
162214759485891966342759186461
99902185123256323018567859593
64647889776968473577449263761
109284317595817930186336837181
104287850886657479722916597059
655269927458978344321625207143
525769361904044676643843888903
70729420927633254297941382833
178976683158210830733328335109
281430557199115123516526427691
576676833564212358232371007447
273065466517155900823962463537
89264343023639024456140361327
610943153757185624094841547527
51875161443086874066137531993
30697929658406793758628996017
705509439272479325557224469223
831373217625176078977815390563
128569029631408205260579448281
573449353238870107805843910683
361682958304064527603395208159
109494452535369755902087309091
202181080734749595095648920919
271115657742013218863041209779
699965118974314912913273980289
499470090719518142077013391481
297593525271239636272453714123
75405140647254133690898355329
614221599751968439375946746729
194610788300363083008460051151
92772446522034342143342444159
429802516219593828085520448757
289723571410763459092833960457
408840754732332407946200816309
652037017885188409849708816739
46360104386147242876150266773
98853851001601458012546434927
239640171307562308863910467509
135369454287000412198485526997
766667988146321262711120409291
376112808497480129927037195601
208790521024166658266716303141
379363108813598044890517546747
810145861185612675953779448309
369637798164529994433928756153
66162207817707808568225138791
313016164463258076332484861937
497927896841173362500806359097
485255373449528895190934470351
236764698407447640095568417953
211955674593900506996655882299
476115138077333875023478665109
218546662234356492482909757443
342770553677126019841647399619
11521426443339625528741511999
406599486880110435410968042069
187894695671884065894381330269
227746721627937728268290270287
273882738123937122622123805891
544792924923344121529800578879
283181584554908609265411714343
210187572059861479269450296941
36340385578417504621020722611
478263874397358240705466460399
122751279973786433326428399983
857785442032698822664547399399
296076660976093772339264435387
320847863902104436262045969767
53957083624646434828062610211
137055448897476555180370452767
293848740606023290090374105991
662143737054048840254835285887
352810611547580959808394127729
830251617005592905629412672303
80629078959999367856882442379
794158961748150570985164900191
542505693750759867399775171321
369105046247763323876228303293
406649922286856690213206683569
165550338342401363752075913503
139536323027790530487001056061
327221720285157493439889380969
320650716929894763730503945941
474207236615556566876063493437
203543173406503777616651713991
258573683362324072256788228597
500541495447323182664923165343
153157270360026296969396981773
236348675957365748025672191081
122647636238649443662520953669
259618723506534310292032279799
341009290227687828235282436021
96607404669297493529905755857
332358282833523824182568999173
272711947497439044336906026033
765661551350414857557979050269
826951372877792237750177736533
465878927729513578061731319173
63868981202379622926186860069
552473713379413434944863954103
575576348975783667400298900059
62808464521055630588076480311
88829262562743431842634556557
515314461862956940555399623377
403107364181413110310566854807
90325035652056568437587071099
240699501121520468133909991051
130605093696904926971055452551
716340418805718948470504342657
328758558433787690836391860927
540869061192607626085714720979
328861123736897201981920303283
117726807056540253676243720201
111740608426084040375703885403
76321809351987143494015854307
122637699469695077273535917863
446769114917541236747402543071
794406337446197390560397956559
234986155410603632433711864809
61489741312404561869970175847
107594580142464150067947603701
127481323305542162803261624511
631166373717453259006894374811
164968564273777055962174547467
135158116493205925741324837483
601415098152702910395362515393
40869307670518877095399312127
203540711796804792647368867457
336368420484017696831209878533
430551178684051714551843695551
169961433724436898957423929293
169602732227167777669282644533
261011383850318305608667412887
54740947828414565089679080493
904206704631733483126505637581
63544776723648346828622317127
484691929763346517650862821391
549244747924720116142253235811
272398846270282679550250931461
207552224629845823648639538459
243826184369427446753527076779
333695887153561259743514624107
257546029696107331873635025523
481418149094266213994422620683
271894194838515691021078109867
529641725976307690291839956119
87074616853677627426644727707
62636042420074559060205709003
194284033584701557836377940271
830345995339669984928436948883
47055655852426970906093158253
148040399318315913286869719599
208341041202222760339962238051
548200435260026603124887001623
726711918849374299139441354749
132076934418292790037425492527
92245432705688609580083198143
96040995984307158039796124357
203412342263526811812526530671
197128965706968776570528947583
223845957207800131652636626609
94077150386238369453961251851
114271907865364915788166444969
151507915083288898835385886339
774337274835370984874535719869
361323745244394364995680801471
271594617666447146847515578613
239372758524727410195203558437
147463444296316324533031402513
94369248032741826288885722507
51438743545375160027529420559
71174751928604505598156222349
709958227968531938766316795879
78634370622432685566500727749
189960093543750079192121280983
83746606944595649410137792679
22968555078851087463610833707
550009155311065236456061329209
44106200348263241236118016043
120518286512184031794137052457
340647257161717677867035498927
555605410794598956343480263767
258918815399133711636233972621
607633882843353776834270545411
446176191656777462849027148587
70051484784046729319750867293
320863336664903119869733305503
235695362604813445726410450283
112767664339074183051800553167
198298265312559482748612935941
549333880601030684529166014293
376172224682648806757214679471
393614517053059809630800557789
166177953049041049637844365297
195192331958985094024014511247
62360962011378182459688777611
262380648365479013139057286171
334175746386989070809966881033
45489349896327513862764156383
188230474364368207694632382503
46544099199556460656839402127
499117719264740470560469612873
451109903565059604795317907551
471267301281201165556378598927
341374309163032930693498806191
448720066174707293683875874501
123212703744732912753294770141
125846975284657511741021006693
484656684626380862833396695971
468025678516953991368278489809
218153999991393985030958822461
308027469872138862239096234369
169665737456179071661921040423
152187252410456749459052715011
93353189398222212797807127227
104590644102604360498850431081
671360915367339972742807937411
140304325555076832595559597963
372655908556895051377159153523
118190084605999720325887944143
288502991252677390162960463209
510933264087174794536140018977
147444014549012109219267486287
224902488848075511634273382521
260743989128814042506382112897
260514370487053910196818671807
287125051523056278331479736519
705949316402649631993925654909
281868776814787853294783913527
21209255885909778245507890651
356427353601524229408553005227
692001052244519517753533975297
187521645108348625990218440513
377030550831794762885802625609
179082839578902558620693116271
320451435568503963706509121717
44787316325380590366011148767
160741335424928635611550259861
191464456612609052272822608041
265144394571247772368737284891
735567204706032078881484747427
168427447624628617822527768901
129037551594296956713708367961
221733523150087818254050637683
96082567939086286569383823791
285413278679343276404234853497
612289088704961154111999612803
445081638172524962490287044879
442030410177282720486297862991
60740863866198970113736427311
154789428967794479622046461173
192828522893996667548057918921
196006863389978768395555553939
229310434576718916713029106921
360278608096558096539478882267
76850204986873546034365510001
194558351415423751069824094003
219927878972284101161451223201
359037522548322243561014689921
152566392496622132686577076569
41289892428810114259129039523
309878290316613028862940442639
539342326259010772612248184679
261854302170540070962200076961
280275702588500856505749016061
257405970569264016365934002593
76603045931218789733462408797
413063508951618693162769039273
39045897831717517526086697117
452143459605724455518332070603
366166895801544437906398322873
357481188567307123775883345641
257976282503787852543643280009
157583280467652189010022349017
437600065314581636244093982693
629450284987820675680135837991
145864376309720691897309994117
401109353133805747456777287803
91651579729070148048069829879
250166944415027682082581717443
741789833113752232946961568921
400672061941963380635754515551
604714084291367937926306723419
97188947041436035635963814289
175656315799926954971340118919
114544131645827875216332725731
132738943515477535785545822447
495682917372782013570855685439
99716252086177040193078605683
594237463071573362145200846221
194987277772904458178018962571
266642762379207492490881201751
240784334049867410753886877147
234340578975780282301228583311
203176151428867968630991082209
211587227121230221391528394121
210350118071791097172248860513
541825807951186678789429281209
659945217422277599077814706197
107782913823520957325110824487
435271530487601167423938917011
46402762260292415480265357631
333977296858295401338785369089
233296235149388820670553317397
240136706863598384080716095633
231670365034374621562197540637
37913258410702001601956708461
66916903911395093443483874843
534097789515187671747206121829
84179418936534068500347192977
530790386663139885056366600027
562206904042092242424340589357
138365301175629328573318175759
72999092271211752212742741883
232169367713744383693995155983
551133809285290024543605640051
184260992471976075626013010879
313989653428918805000786765737
839614310754572524182413725087
18101867762041609607023837429
804641397822410148878148069709
21929307895378352877830504317
55455128897264950301645865419
210558814782315642103285763413
84852216236250495574290888641
52241028739075019190558011543
290759178816170893088184755821
259649802915221673355864216877
233833231457517919565351977493
167528468616178151725759354711
128706393324755789889502095913
594724495152365880944620461647
551970083362198546937577061037
403618641120044991616823230561
489216115181972090476698328091
166028966068341032612651382871
262022280673680061341201604549
170355776672042984616768385129
604675858255498121431932237653
205224692513836780118556652849
489744770662320539945349862193
51752809907467750460881351229
39391866522081438674354290579
220959297264747514152319687373
332935063666938574152212128247
189142981579458943521520686481
144578111047327584587033294489
25993969424505084877606303469
151888135400808546665903668877
251686822351630535791280142439
276706322732968483141880390623
154420910627690959421608814693
812880927880060110523063496191
70810692034807989537247474751
55190399891561405876232096281
758864732392274472900116914003
373288880039757890154740798153
405354262014552375935046088939
86085092464327921095921343313
618890746634056556492756402657
290489855560347083111662298293
605198341901513328401348981201
589031169261462677434338205703
710394630590571550280044421027
600712442463977852933920940393
247661032957428598859387310149
535632255973441789494121496713
465141102230784463213173325639
600680728788036151669840411169
907733121379418953050967961729
183910038634982128539974911841
53756009421981426368110283881
55825974910812332653104388549
31438535886838973895971269997
327014145041210480542333896941
244920644534450085148629399533
35639868571800967036047463159
250561774989243849739762227841
119552582589714477985391716121
102851894911011516838390871743
136062100387339823912055390827
214434646985599622540670647503
346244667625611294147719838577
324875663311934386616483606327
24020620935927281676303944731
427886493458650081616578117819
374035089549760603302499385657
165205322621272416211451497279
99291526109572248508184348777
368031998346223652553386262347
459345431179896505762954372121
595460659159902754280921647757
89726586235829157189796399357
57466917932297656447906820489
153171921092110352138969545589
138584427956329231603417737419
32289257489119285812183906697
329037035580020935041648808651
200028208086960400498733832349
132456352564431938104307421521
240253805753972533600444327211
170047788548296141468842332989
269286264753908543346972302191
558556830017467348155898973987
359103607871958127910462590439
397793386800137794061257671161
67765555209355863382586210467
306324418536519637557781937659
194814824809949720658399817951
534731642374081937974757314223
329497641137806552873078731533
442559152357904344307316350143
345817672872537814124671616699
26474186673399883724252115683
124224144478603939344925686989
156558825276421402024842557869
283241328412035317946981772243
258861363961988317750716219007
311536439435552933514851995723
683223048037486510801064553349
645863403833472928472639178203
129667540289782322594940068807
77817901631842262266343779579
72868532286069411435653245021
290324329484077742573623912709
139729480275829877355355229827
623725315601886156948151435831
44627021640300868092391951027
185368326433077248679395827829
72789235925899769301901006723
353703922930360343246815132397
129867602522266076695625925047
348002432809561606943298654181
257792225781151106936066188651
40742228783681636104434164843
365732871428242805538210028633
268296586081394471781649150937
660831816507253498366578620009
299667315518313944516350215757
193537310931296302300981552081
148452801881965913246946107437
263569211990555503648251055639
769148225059969206837305759561
435646253609145403825482789187
269163569491432376216898033061
717500477920543540623526593469
865352642341344715105162325147
238631381169360634676135116277
838282391782723540297095697787
256012919793544420717773814591
325481949869131533432338062117
39766936182260409051761107121
588455710232070319714638199163
632748331352774165634664928003
566259085839238282503941368631
409269144375226569589688968471
653068863454124552810891080421
281316352137530022110031959117
163058143360543049869556718431
237613329990433298935877952007
762693279867657166835674180631
182830290734883049843972812967
266883892842866230861958320547
340292971905444769996145640673
229278507767615424238162852811
100578065881610350285499093597
148638899971606384017248690183
426306196490283750838159392181
131300111802560632233717121493
103107236820037374684046314311
743685803441826472305742029869
714260789586399604744126208561
97518150600672964327205851253
505321743229527702857958950753
259029536195840858148426209647
329120559663370724712432852251
408522518189846781079360006099
311958515115132566809852448381
125532419476169158363261958899
78353829201946288711048121231
410111616561175893364060221703
275318660781897878995358101027
299041838107835775696957742813
357168800199033921040384499809
343989545373858697920376791523
121095574267125094520557158827
188774048880504528278593259323
271113612404127536986319439011
249290569210696630713187611643
501040374864029009499827961493
632524735550888550208585413431
40322703690446567876050136837
239611950967079031527049223421
479299103973058914293640113357
152450127576978321286144786147
848223789831524624735467074379
432864916527822029074577558269
39663806176341871153713726737
415453972800154818642981476567
338681016115602458590356731941
189261981470729736516207783371
556242435649276879804658511163
187914577642535972239881098483
793990903429004651139535295437
69796997138041291421943313019
191551219173067606278077528599
96709186771206088285914340861
188489433803634760882123413229
224531786055931968362773475701
504124489801262302897470330203
211745934269618905446664864643
72393701477599829029340415763
78135607520838810027369235829
185489783835235686789898116013
670026882761997542156807320571
200444278348017966758341154383
550933763514073806792159594953
149038878640690122795458830237
475926669545862793338204802481
267994119015868204381583684363
321620999225246068390764377207
37475105558400978092829175523
245453332463716218271468341301
150087479894186957441073652421
545447287380435900776957173517
271573871093451369794221802917
566980938921463730801982578347
380366548306254824258147589769
189417336292746507504324097349
434869772951932977813936006779
345506218818382746514206301223
330083214341540818100268179801
107841079276860428528099926627
129699681652655737171285886159
187751692118281153342564182781
293716175773333399755094045337
46946113047998319041490079253
496926148766057657747057102501
244298191890351172531867692061
148498177729942103853124829063
145272884880179334444994531351
443451808361089818588022209259
398468380037775740580079851553
710030824294985740211956119629
416024293129542776423449457947
420085973153878457809552153273
136500348556602237477356816927
123016020888808707706638965323
415548115524248134072004541631
311952817996615532760638318371
81612454261741544139057107159
247038916125167553639559529473
174289323047228766614926344031
211703339289722762943559445717
105219387018316046004697643473
303816235879415396835084870493
75822028668217519314070199047
591315508154310383931314082911
235599874220377400680945066499
611771824710986593315964684651
728509659942869444073784601749
115313365429381875565652807659
383272058570100164570862606523
586872998091522701878313462021
52460871770496004001617002911
561468531845557530043121902837
132686969998211937594866509799
129816087784349726563808194259
246901482917681289860178145573
412704749919147737491329364247
50502526701419745714546643063
68203864605012606303547016207
560806333125430182200564109833
137271173909562239992971063809
139066465374924536350521845543
133351212834282917601019074887
174623064127085130607310098103
201373082330818681306383245981
142776366872199631132447964231
70156867836579080839257558797
390097314142313304699462988727
28938556491442748968891543879
35674351276547073808616495021
324732439602770328328383769567
257099041977119357970389030989
445182034709211153095262845861
618042830583813101494924984889
184390465672616519954434198741
778665232839053511279717773537
106359850089144503686478001679
376614830180230249778137614289
428813769654175261816215617443
104113491072686508942731908703
215911310087430110910544921009
126490992734860337961813454157
132784179916524035135146107797
135748474642978752285613820381
707445234917890730393043845419
314738339743202176579159198759
