30194163613239763860766973218307448149
9947789270261191623260270198005377973
5582036557466712346907853311317875457
30359217235873531039866170970341202143
37010531417800204858365278979884438111
25455615563055238409220034760240546231
8186102190865747031956377337893926941
30078748043803410247773339607478421407
4592811571717925536811279601015209447
55167175462619846007870832790476474651
55525821714151120720816365911281011533
22461833038641366400740369014587466753
19709124221659154516966326069525811063
7245668351688126612962797356374662477
5214720468867227700170372173305662977
32660613697032945010965219394308309059
13876433602685159205516376092039931819
31189737467327002992542143019394549083
27581771557851660933891489191576166709
40408957085956093250825668514040926749
33806432965292391920147941697622201641
43146272505366934687886327060448897919
55591850427317163231100993338412122329
61913437618740920135807973736476215473
42947916869055421433845362427109080051
18295679900263441833152131406719911953
11851519528305174004028710462311289249
14975776874880786335372611637342400913
14167538951107819044632539646718557441
29841615834505267199487033991651953401
70409691841906531239033297407124395659
48612958395927583028424351272710330691
84714950405105805540192129112600747747
18700629469445577724352456662901407307
21355413847713621187336813402663777597
13471398288587691512041398696908806609
22722722247705126539446101659801112629
60242627370482355106430219778342408427
50421969921389571808391643130357275229
5428726191783373675870857439284450347
11290023306484815375121012612904667143
17706020735457744056331487221049232213
9887554880080757248831910530993533629
4195401275205384380191408815901445471
22816974623821915138378081643492504501
17110374091298644538536426699586462449
13762664951725711407636718203497540501
4600231645908357032507570200595311547
63205469406883523571630478497878150533
33544755007671676259719547965518034693
7300543418780035348395000616620016781
49975605273049674128158361589235264447
32012658296284573365542275424427861857
8800984228965419667884237971762055431
63838622941782174417639187653033458959
12437279020712302294133697915696858743
28879690450450459009349292585305792243
43160802850338319743757147797328415423
8275823139433792746615069745392247241
32668790107162467827796826857734429399
14483772659428433745585220155664837531
26975226877314743716217975622044387851
15544386573754355406705166640074913639
35558947691960628610705734770833690589
9153945552815418300002845494294890317
9189773790976826516594580475006789037
25519753293231811463429847649054574981
7923246247680079317586091235457649761
45896432638898233010824700144293156111
14150555411024531566242009436368531781
12330621463614107014874694380937899087
34714266810846000494571562074951807227
69589123838900326044652251127856904329
79928163183484685729873890081036534339
13640748168779099871669394237633738181
32377482498561990147428406221242390603
7359725779066439061807569760772579853
70679235485562955417608866466836647781
45879452788320885272767402737582435083
30259250140050527668223716315119773293
75191812665619653900035278097658898897
16877349126138493525849585124739396467
55626663949774497594164609814406434947
47025920374178044564730659922028120271
8338791430379194879991331949621733443
77811440504835399472607378274356049199
44549432005713348148098772368553302619
79096904827997862978186269973495325843
15226954253075306466849824465653234771
52978033892083893438121529836244616509
12048026703655064445622471367350679063
13634812717829890664676265146030284203
7763869234793964179434163845646351587
24887877274271570077143654919614970381
66947902930556067872892574122938255261
19073151587078829773567439585146583161
27021654377831327104586849932675540351
76523589382406310340084945854652556291
27499125645045637498666884064825872949
3637078153427646602339187580126121093
25653829705942102221399398559727440349
5949817514615851529910021074925165149
43127743027706152447931013967687192783
19099107785154209008582814840833941551
65222570873793224068640955615242065811
20718399666744794083698093302799813029
31877768273430018249823137581740904663
4741909073415111786913784576506168819
39351760593822666092882088520222716043
24674020947637085290117353993808080539
15402617108989285841923741057690670717
29384391681236907219708401648887361881
14049778247109981133912320777047996441
18853632283944613281659609372271913783
53140959806672033449731041512447348903
7596348206864272351477545542031425557
50337908103802083453270938655941494709
28624700472185326946819629010317754797
20172850796074574134500616687680461377
33251184381830407546364264055403738117
34939507522474003271389743156541558453
27507069342450735560192666330770562879
9009505942360723238776443849262243847
7454328868290244904019203711696153107
6431504747863239892122712165396428533
16495178169680128072586662361836175591
8069762421540587294476669612521673151
14998797968574586043128775294425839323
15128336744852759699781845716428542513
74633241102736389163690149540906858029
36825319460641772446281518623139281757
18325399755624783937450415486167614431
11513721312257357518701452776398657859
39337295244457587890159232611018554697
10271036430482285973858457083401662397
14811311781646580638570604097369124319
44447853487199340693137361067391093743
13633749892572877750365662146543561951
19015680579574103503603795506078313789
61782597530847714231312179242852428401
11341413209278617896190273882765853453
6196254405725287824677750431384317061
12117652034537308642520749209328287701
39242704464994119757222698114033626731
9933857620013357256722292827199050747
6719030477573224869128011145137947383
25321710851048062633671104417920135463
29586055473465530386848375489847922801
13065340411597677829178607190855344751
2998735533893746348868598160408177207
47019758970253371633904923238797614551
7262248713335058802710056390124699257
22761155921258936570792610298009427057
77066031781087694680041955565620999379
7707935056180283943110173369780326011
25978937317122013709238484634908471517
10252608834507573520782460432799327347
44405210614443129328093715381702776967
13633899048917963910922933036325172167
28538024119690889773381444965978150223
35874016102355719591233126178764695647
28664984871491779431705200966391685027
8653189210956848369540183193305082301
23247944424337764044425925511240526301
19994824737645128336688368543194853873
35630541149254950621203232642766056527
21813372814848641866930066235997084031
59008834004627431717542090812329531111
21691700145719073350205714720571227523
27521088381121281932542572058469755697
16168215481930932229455545219784268793
60987526507552648341395079315188389583
40422056988874570947640058430231226387
53364216715606510687972061028520715401
16272956942060986055246358786823249981
51684493884708219648455957008134463747
66037498511551668791134707599316295133
29193395836095938413278938804957207659
5419215564407612501818064133372295093
24873836760722790151844310226902636523
35738969538903857807624276397627167249
28078614713808625657158109208300026847
13513992885434789953735538613337434523
18993812029132997848697526977049675259
26622875346048235931559572153053636961
25118799351185693513200815879681819481
54718147094534981355422068379717988469
55431762584777075378339975634453199109
5840424873452960714897466083998038881
22790197824825883573899054140860350413
43301473455997799648558933005883552353
13006035860531527556327963223698191897
28328822802650145585520280141110488379
14994199300789876207800598604529292889
14392050734070010004169297150680834339
10896146969733767281368427178612549171
8656084615877613701012983235010192293
35467243836389931646965141873605054851
18725650108116277492010064144605449997
32298286361148039748428153884793688093
9979377703761826889432395161695018069
9529330094020928935946804269038274177
8921928706260224629921413194244318161
7344862739133155663666331704707459271
17627297771657598862695031942840832077
3948745060919580026790745523277967631
17622952748659678566978192618773556097
51870548502487351431119721272279762461
4953541712766009774191591716909287049
10468633202129373425197226863648032683
10392804026751812759321685469215227473
27981411155966569183538072845162087169
22713720774641174543044534655587505729
35178067413780299802995852188273168799
21554382588160925763446350241892165347
23648092633866541054176515806867054477
59902673021274741557159857118176436791
54860983047382547069179054632386816707
54812672604155393688455657257173917011
3799366269349853393290431976263272903
27158957910375912209629836216300288979
30267639435212773072668581318049515089
65648304172951902577909959066319059247
10329416669677092887968796275376922781
51320617910655045773389231056356941289
12343461662426072345939284493512247839
27035851453138834515106759280460904013
11162137354954891532756377362774323627
31276078847907227745059737127327916077
30528683817475162516467848769859766533
4402173966068796603942550984303847209
54675442989907243345048158610507107191
13266630666717549268719640265756188969
13923408618734745503188217773465513429
31512193462402321231971379022379230107
23905368172187149982193673253826218671
21741718513110652084165153930446548263
28106460802091252520372394232785367417
60529544577852998320864397476910199319
6862211549555532121597891978793902889
3549111948083180081436195495625291567
47378153381518561716821383858608013607
7955977678163556402839867839141983191
33743128558345340916874113018194308339
29437467910548861995020265559749628191
10698635177192596011515397214788077371
61680965546368905368766653958933332519
27431756758208834795862890215042561609
19453722527620261747452819538079795663
8576132037522341592577828962298854877
51012452097206844348882486178679637173
28419398446414174174329021095175892787
40065991575475332775282418685786030649
11203219843432718986755121318894866769
43320462276001950543309071791623935849
13657793718316312665129982776929248679
11369586249098743178137109492212898503
92640408333723134789636786011640672161
17286665106209120914380524806106383301
59553042061873203338584424159566690057
51499376656881963258474392394351868751
34705952861940847335848635355278183129
31606566224962390416444337447374819593
25987465805090805757848651542147041313
38289194668809636098317179732656255401
34200451532539782656597918258805719311
3526969061394749533241542126243378007
61934553642336748812352909820874781139
38678329549257374000771249574861126527
34327448333871553941631320442945246861
35576165011902647686320005204787407291
12507855997228183605936346496908550441
24832939986854179137817547169051085433
43172792208878760574546745868079006979
7487092075085847537017325100493212567
15700000540728784200432008439899318539
72200958474421888529467734569486303057
9171357972948803886516700740247581091
13936663055139755358076299285685179043
81830162667185590771715005698310453691
53571361021927416628991028521106016003
27074879585352494473526770462009065121
51715615405719229784505318606535168597
38214378201277037416612670023675733879
8998634094301998158273519020000081973
18569469778247000603956820750444911189
14610111970748415090193822775973062749
31010592878878013302675682914884784093
21735269763740366683459272531692986567
18948148943373043973520086452243509163
7762028504734494433119547226167748737
32500426603850240533570868542761649127
30602006305638264981966752914260207431
36247544478254141400539237022174845411
3660382776892587386792395038066461221
8350516526304550353295517274027999197
58284480237387221110844141708959609783
15342505405093689553896898587369009449
17056178373777537370755010340460999061
72169423389081286813311275601581659747
83370253176636538254314364773170254673
20039940648980652484813812845613622391
22007056153288786214552004240887154089
5553066186214870262238496761696141883
10331686210262292691490053877888659769
7710910184913646270124408002643803961
32240004153540076903897737125480138267
14552881132532259152707087593272727781
14818193739151896221463083763078081961
33841508648484611955454741611315754543
6760711161263800132103756187903514987
8691706886493876505678603083645776987
13178567314694162867698465661107368367
14896577248298137291068037888868055013
7108407097332977241465887874001501351
5691817679708389674871099910132134853
20068285869404206219268389794334910123
35843789317605185946750303770129305859
3679802416754437398658648252296455441
22942833620082849154977845519853387677
44390392365223302154855671355335774173
7401077450546157322604209582179653911
38951284190088021542845383535340213909
5678242574848346485591928039913932737
12169694528653428534653168992119039899
46454265683661682867211656032294877511
6914406643820028829335319438889641747
4399989460382286022029390106889072569
20318506729818944918460924726000114593
27002469831477794816180887598778535481
40042221998306324974217206816199821253
10243811798197530335005216578559517273
13535153919719805621612068973853740821
12214643580372286094436238336773298423
41067362983789344855826923873274205567
33660434767169611213220013873362300059
35816126187011883884684110644879873571
57654910152467595594786348776515624807
56995848328804059137990356343833091863
31333232657027897398767104645898106267
21160699198847122224721776637182503557
43840609044686408446368538701698183509
6046795508304301794409610187265536689
39112778441605644363525333911932480729
48493608360575374826811318393262113731
54055178686850141489128683587293603261
29657363918651096090030446685969920691
55393591531468642394165448616611255023
53502849937700795842750797214728131807
13810486498489136130745176061806724817
23718745063180045706052205961615902691
90729628749130619223514437563368656259
12029674262462259410535535985284859021
39925115376404525246682439425253381169
22157966818316068320002057912811758687
9521418722358476636684299010936824549
50673652222642458661560813862135188223
57556870206901225451870221139059766383
17748552771135696813385297769278871009
19008178440701153928749592940694655401
5883143126039566771944455231313071219
8340128098072368293036313632048125067
45130172752609232578987988575291393157
16113383073166137659923825070445537817
11239301946566450443034469677808745901
43643183991810123009655718777069058703
8348465837097350214114234287631391553
19198688687682266115295415395664672519
35810299897033842938399278541078205959
59094863129486637748927746201567165583
2478255169767102596203694957565461159
26057328889782528432108231085082550731
16602081257452546115544679918569336307
13875702021602036405169962617530735649
2867578097282548552812363261747638441
8327128514641601292949959103314760591
66878583619403963742132040659871962361
45972574595438825527571046226816856783
37953085642815937907355219331618703891
46291880378459461782844517221764619093
18732204549892044605694827423502281827
10430351224052884934062731862609647439
40679444651143156257228164062042197551
71526126139969308527631467432111729491
42885090713136127564596950117447623723
45486938142962647027564290162534199291
45397004221313965420039140482245165267
5828651025202391770025899556957200547
22676932534375082038421390630887806881
9494015434898700635882180308584954133
21202884566309921179031010976598958389
57998600719142941965399800088943678891
10536317335153356774427795557500972549
4143697580275157904783953977783067017
22483870369748934923602243263819627551
4457548791008170197229484511837316211
70235782119695317393809733364914288777
9542978891225425879072918212041940181
85169485025970929338671907800767697511
27437614235127757365383753605074794669
10286599144737926202716132059563310901
37498288968544640979612666943355904437
21221378306898492134027837592521890823
8343463684695839098543324555674183943
23216879694587402843358993004587929519
18004880492972386343910730188287602693
73373383794153090942303101436861876467
19665642774228132984620050179681711289
13515108461797824185217672268537027417
31856197990354064626957706641274362039
16544875029973776663640472371752133511
76435705933160484341596578607851130219
26969408091851970285883890439215569137
22935402969140069554904983055564487071
47227945454682015107667718713336102263
29817023128203310672030220458440005527
16439205293680647116182827859217984819
7055131413691447434128972156687797199
17467528381106830157897005903597779389
21903780962585662738687010988311023843
9729157858483182424603343139674630593
2971418487262630465917453098820301457
2153429894098868872170864063455035517
30719252857901552492448974693846580803
80736032303147182339441044901838225011
28065099915938784444769137403444055051
29995923456062676472508691974853250403
17126133075757650096897826188309642719
17573009444043327319728368433438057931
44559509815058281290127248523189141157
6164365117752496312500722260461531889
31213077410689558519261918711058037337
23619262153181762458301989773579564623
27237597856198880538002908457119477861
12983891088355900184667927884528169617
26124881452011977161105744548885277519
1358686243802624511386385293799986591
8686694760712826132570617705993760791
16172026162174027939561049634701437877
11257392660954995359599633552740176219
23037035947911373164847049120108070419
4836939435945404313561391889216335963
53740339291662721085916044609336928703
31013909093815888915159895116095214187
14811566554193448104156866310132473511
74390129609942788082859988440663901307
30131512206700177552166248727888032493
22369213017943777016491859687253115109
2918959248202521819800571342942903203
52300878386104677664500797449052325589
42059830221783732247762305921108849869
57092074798647516593418820363493483167
42942817448084211363712659093687058079
27230477088606992754335311972503551491
28666179294964385207785179783934210561
64987607322404431744065137481779014877
44917904400061492142673393180207373457
8350950657184710157516245452887337483
25796952077046796393962325160052978263
59858260774295670094707086316184923277
26887852920032682030433012740080104811
12283720957197488131007952932331252791
24417247485379489934583793102244476409
13058579694274299390812625443760815533
22472186659984938835173120998138018671
11702625486246350486852648651931723571
14524869492379316856568502249311684051
28576334666200648071870913848655372181
54274640624409895631530603010078477827
12688526697312308702574845864142993109
31292486216442414811658856954440163323
5951254735295315743326372993031147933
39435411757561416351755846009546304809
20656128746759732518185372810643363307
10963699679228011215493491230801344807
77634044968575444617868715020691360339
84209299652943991301006462190405008677
7940728162639440833960405386933123667
29047470393198944346538992455575470541
37387367397618189372039381850220142271
23452530121478689348133554193685696091
27298582782444536680485636357018850049
75362320925949809465400049033564159631
8252667643046134969384237581137449649
23515724889728427149529283061819121581
19083504597325796310621242166765533951
11446445412406686492227399994170028719
25739143202126524596090094704971423383
2769769117889627624919196108102329241
16860881757610095440286076207525971851
20696541544742766482059788945819938833
13344689625591260581548459311259225781
10629899880751153551070824372251152891
24451740605996197977223843018660662229
40527839812527527386913906715154860659
31792166860766533632503868088778489567
17338226856511118284680175136438685871
54182157842286164713566010559726312639
22790488041353189698089151178209978879
75647786861877005052505184691164037191
61422237370287402641993924746314683317
51358008311281898598578992343494706141
11353621539667350096026859097926593327
29995194580194414965555821862640256127
37013450040196926069583154924989096501
52968436445055908555877089527035249973
84668487562473715838145470461403120993
54998247073801265609878609654444799809
52962675005928423196264326290491271759
11321297096623014824427176800762538893
16016703614077174841535558434640703277
27520162136325532973901047660140123487
55502459799659973062729406153174292279
71338907604310345609726645722835534331
23181789823008670498133884801008162557
19649516615028542190621424790340135527
33903565511240161623945987716101145203
54039807408526696653219450118480541849
24515360974551657375993374217799355737
30153217694076742697819888662523030549
18784638984223840576156314683511649219
67422364611854687683979794885941643163
42637173322872457719469914895270608487
11948050410594362675687761247006928677
56145128488161177941057509336475665519
21547695111232754624725825551538438951
27274863867976101096639710852260252957
30208604087601401252263094484797031577
13478197741856299179373340081159150377
23781812772255788554871493713136361667
51112422574206308523196488416162235809
7590813067401314590522173519426502679
11398620159306898868408787661567029137
12876276958253322262211566787355751243
14481596739596180876441286670644832931
12361947233523321564208489448464111859
2804830179339923514037014723924493369
19001585806001761942363244049889329367
13041474445102141289380229731523855437
43737009122909728962579894658028302861
35714070782031859706539925144545302487
6495666573691362583780166795126744339
32332539488684385351023028224281337737
11004214710812786944248474266994878879
68776381187851960887192183207305509591
7680834845492290967457388787359235827
86258971947787318377360239835172744111
5009024620530800513684100902086921561
61448657475368426979818636670016110943
10090572944708085752712901955171566489
11339992255871022793520153201220897803
15797898259119880983066779869192550339
27348395400903354552601574891505493567
6223825475538054171471503573633321159
6659563259901344939467271678737596029
15905980658586852494965759275557246969
35723262996231498884122604852323119577
5287063982272846094263442981645047783
17021869192308815385902525540601840401
62736489985629593130025233294435334111
23385111900065367398936667030278671693
14115041902613068463213845487986081211
71608535436700515015767294618731580117
33112745061791757154530794824813141717
11764537940752256679957437003874064601
35194237460095252163781112036057646993
1688826475987132725228015988517452229
35827856361713134742314897299092741327
94774241916131256333967549478294325071
38274116988925084845828431223477975941
75150778118520096023115406477760839967
38967720118115625020436909690394362097
11925233223312773706763996559825768423
24702112868382005014321383889870374469
32904878632920076560036201186758987503
16008769850838648797116273551681253037
11340556946335102483202990857240018537
14101916966138233928428021295953292041
67871661568621200919443740867011817947
2350297014222004700600270238515872901
4870180081442265877149293547950975959
6480947678122375897182285767976499387
10161944267066536428363327980492906821
52376327423471495335202414011943926037
8176860234993234393529277816802814811
18451257606041126773173036627594124489
30643387002570069982334020274548523989
6615653107533982004440824343582946513
12727056089377955405383230677189248009
32946657744055372383982192131388332431
53107778374885561692574832770060049677
26930143980939555715990432183067745061
22619813248685539370070889458563495303
25143134887689942280855262517053299951
11725164316858664799156538752964636459
14402983767775657938045223067169717943
46527437858965144262257635174297156001
7243323826078680509713723205599875553
20295662419282416053390340093950020993
11215141297266694530811012372268512171
12588627051917070492937312803192043277
20506617514931362390237679875246617491
21434109327447510650166174513456469319
11512978347152750014176844006202156693
62906969613154219081449298214217758173
9536607572102537752115372241666711689
17640776563735529778899936679460256219
4433151674994712216606034810911631209
1393148084354797976516080731829633973
28070884725661747778606273931313620869
3721087030163883108572856752818233503
16884158416095455968494566441440561877
12857829352438890187573068042966085219
53648566748981591611618270387535392469
8299944869782160250818913552101141279
2657775846631191883389355998909524273
12817880054717103254206433928935398091
7841218627916160488642465981568256961
3649534842692185532024278677768996143
11240461873811070998983443966034080637
7316748362520361685315057892848500397
20058781830742805025766328941992631853
11106709302633844708241479045106130701
11865520202115887733988996784079311573
46755077826824359641051844372932642601
3327339453699043851996105512134915171
15793678419834148880615127451610831693
23026363817544793616033809388934411527
16726800075135054517845867237954857069
18110968660592374320845677088791677703
28391896553391213003338138169687481943
40401492233675865122727040436685764297
7992124192472141854627552269664582877
77112993398228806673824416063559287679
9103162210127304107001807988851219073
6324966137040083689526970772197643507
25438390065149858897197010206392226819
16177940826097459466551970000491901621
26765553394303035407093126812121898013
21865669912153463046325561413071181029
12250878268400571083895578879763365867
66771848708655162598154752594763514083
53081084593455773325620452292465883661
48611078975104919598425798015874903037
9554630896073586134279698644270872657
36281103383939728084494270832867438531
35831190103914886017081244476886942073
15358081452277070192497185957939158107
86148918599783962467254347507143160097
32432473695797072973098708685129102031
10445540346394616652753416004260818421
25138152191155383635541276642674799691
6890465558743529257548179223121081067
39341958166356946567292350226600780537
32232122808339871750065160447673753353
40828464798769973288206573882758045043
6378573034982931549086369139850338827
25799174476736206386076705295800387573
18060641856369362152107374336643202091
33373448729204686362977947033204804373
13086592516148499937103790058314956603
58993922665205721637469114859604032553
16619978035458132853400158121920258573
17231553668396697829547268086512536371
48619897430390114432828381838217584581
9216131737465323948456247386899811647
92285237145675313434155261247072498359
11123779880926054709375994957497628103
40985336615065755673345814427839049329
8400134518177049626768266678677721703
55924516976686820889075240325676036459
35976101414879995624407975494491005293
42271322022105136035438427680766534001
13157298624852058611294557566056242941
11356636167328363834969244329259218379
22677781782669409927028565909130312549
84583011746145469770056175735834606107
61983740925014645642242090842760745603
10000076253380442677830333948583196667
21373288925341531258226852090408954017
61400197514618103814879996870015945937
30913300751930459413837238482960055123
49737045033883154521712400304385166413
9770808871118814950616004546115100601
42244876775066801923703459676289439173
56970616892446316761282509707725827781
7962503062185543449626766348823726439
41794774856365749027678155951757796387
3864475621980061144980647117578360573
6239046648375246735384875581501854653
9014273807563045044283748907714310261
4220448016800387271799335560479650201
4520966787002584353452421080543000003
13801602873724440340648386473391536753
14937811688499114350723351304004175491
38854561482821206376493529398803164973
26866655678432840024319447475062518267
7709468663998129055663846300088344623
24990954987489373908245160308661360869
11825715716551917722266785052122522461
4755603006341001943448365015777520179
38446258707866076849292281890927341613
59788206369551012227068877989872949073
95928165548748970250262819654866070409
13093791876820898501213267524559089751
11817170943021648379286130220595415293
4978386536384118465026977963451221157
25210212760127744507485795059163021553
9936218227709104749611747901092223409
20446832383472192109190819078694530961
56428111747391345018082057823209546293
47589669015523991515795385048864429999
2921545023780257646983540380655305147
12569346990898110437634912295227844111
48535188199420569799679999180724311867
15673413867496511450001431914832716987
14177578144475458023136480803776437109
9126205194204565947383698714319370319
6648026392086737415951245809179378881
19604381267723821799607447407187848287
19985881819357880096876385217781615659
18403445951766065248452958223186244343
11457223873693817766932009511118836481
64609170505780499339318803973064338807
10106020374337906439063137633678388377
16523665647549549329253394457649526783
24339567438471573975118427193786549763
8577760932488551298301262927676203429
40501751629891147582843514629416447389
36236393408533740144799672854824945723
14531327339569528285689083138226323521
63814813539968760114471840411056780909
21031196282272357910992616797918043197
36413517831144246547846200417816103247
13653290293826402320712161507201493137
43145476440299777410795317775747589629
95862779319527745517949395347286721963
10399867978283543378163744405425296643
39826215409243843945802346066627062363
1966373816985977485014018978681538273
22212842375608597499034243758035447183
31880402337015263403845111723129914051
50858000514837422991152535336795553427
75341791524233327800817488605986487107
2330418886873825311892128048367299731
66234070200722945604020385506206880189
59856133411104254975230173983874369133
80003908153737313490021465546524403383
56668225440683207194702761748767827951
79991381297661404208103107252058139833
3151705976766338264755409198395285807
23078509871308952624656376657412916991
45824270691000280861326338501049673933
67208780984795473274916906628953908707
48076102994422364749805892224589958361
17654858073456176707695347628976566673
29085672360343428630694624533398550673
4995728130686648133602296564935774869
6497016587409983908598650716949797287
7956102994997472917624381462653957921
82294818843257850699901844524297483529
32158685503522536413538735813344950661
7895128777133491166038111597197699253
12583156114831777058165402105116963907
40517092178090387910197071096050664189
32577418081748218281871727497481463259
18742063946630652643341450918365958829
64109104520166684782380552499214097507
26906166935459824966743118058826460471
12395432235038215340902447183536855613
4837607079767378018012001677411544343
39970776905702575545247724677589801039
10655753232242715806919385019427165197
37033600414988044042758200511459246607
80156313455370963763941726402903812681
32102581741901824766714773937292932591
35723217602769666061220663463057174281
30998603984863321936487043525177098093
4041154820034275893066629394489261723
8972302232164448854797104194509715721
23420748809734904043920260207357489241
15543742476345231331854685388149140293
40871511195399259845054229883917969271
47288296867617988059478671192404807971
38865098889626565348753615550812362297
28939601081082061212619601013441347369
38023621747826783981973543630093749861
34352679174486314242218877652627523403
28031391617225814748355534555039380079
22348559168245862363373877123408783829
16348567285537887541350922759357628623
32701519528523780219864419295066622067
29477160766106535757535363736600962539
21231912497811004422739588328772558919
21786629520100588358995238516967211153
41044587550254467737722134706760061483
44519455141880920260259073605547586061
12883594293219998414834395743916516297
22276263880883132990852312129783848901
25109159454531951218607605490558611291
9955174897420746158078530203685676801
23565625792340353376899626835969027871
21783978592963652749414311444148570771
81304333469430083218525332501986449297
11506924607834388279186696614425336883
33593291452433427785931653176736069357
22992406773480942776446621156600627097
19519097863143373073096073448205920549
12307662119981233178483350572875446399
15297416037711959554311158883671949259
12893265603501221235396485814780539987
30916823371964410898696820965526748849
21002343575628605082244026849916107257
33136188012468269307588356686745449403
68295737876927835223080352375438696469
46644059759738214626530456650718289467
18229439025788626329839278959058581913
16176939286489232675921902147674153389
31338233242621343746383922191152715103
47398000384025706420019480444943368883
29050845377392446589368169264585790671
17588152005972203178636833896260307513
38964600756037993644780383658729669787
69681336814835487920167879089259074259
32599202981327859194479217521142160499
17225696392994032399775287991455709323
28364668334604032322687038069166901151
47935319560570977605031904910538261199
31861760358421888124784152467832014399
6419142615517380247939676443309804187
21739981604771048040711531813747675973
30128946101692431328452763555568563831
7562626543477454389713416486952056789
28958136363223408578794058726552585121
50135936773335957334978009335755749361
30696155834125953635522139826918098857
65480316442863047940108940283161776169
16383541382747300372262012120376698649
46194045414334213296801284655546620497
31828202332423481626194713264564858809
45197743878807331579442417095680713479
44313370061266421931914083691506445987
19929958406857722108644850815341487081
13942276865069304753025417824822533881
59827448236566743359856350025835840851
10735546296389549254593254689019002487
14674530525618386659414932782156495701
58311697886835305683225062919655134123
56335665049993382864988200178037333291
31961273276678427789779459082247678871
17882540701376214782245289853838015213
61034889018264180670867184130031353349
7346540816687172312660323155768734319
20113242588778263137046120558934477301
75775917606475802203518795953770125823
7933282674690218537679400138083822241
43143636527110532687745119698123531363
24119499656829272515885682635434452711
9447382129157556294407157429684153047
34126558318918728628699769856050839481
3109697599354023179328303542621021261
14238397703811717526730799117383923343
27154439730831336704802496823274623551
15096664302705400826272276679022468797
27447040730055577533624866214698499551
43165713163232733723953614464436584913
33647456342942960080976561507697886133
40861068004351652141804393773801585133
69569268476810852821162571250614680483
82495130136930147541969708277741628569
18965303643458025757547528851549800571
4899317484230328749427654143889057493
10099406728679591199013622371965560333
10852317022258145697471841535873017339
49118288156658134235478964466776180513
19312282764758236776243137360974029997
27492692835940201969894410187989413891
59463221150500869931148352322926046781
37681824047910586835099707769171866787
37366860574277026275397895871145495259
64537949661731111233459230699245311861
20710103886883442040739943884291009651
9939528069208053737069982682692604817
3259763409939917073207113127054060071
41328439274392291240965308829731479829
37196487582563032371998054858393379071
29582821329568380439743940134427038509
1808908414863070194067364000859440719
22853037187770124979782405877092759553
64191069593820859785021313663648661173
40512406133376571760789070916842832799
55564806656271441250081479353721692063
64494994192741377625503860210314849031
26584646106358935431412138948187764769
37497189120892837236263632969465465811
59994430920072224683319189973197066749
31401718379160836745230527210201499959
27870782004013258943602096627407137147
14949930058707314288365442827166550809
25158278007042712414632775110139625297
8216194920729383222407075353505065209
20960433127555561734408659981490372629
14058538559579468362347298236658608559
72891624476230666426651707829715458613
65772744052238286914716067528412729679
17420801483545032267933688629434238913
24200346034545007883042097280470395779
45009803319833054555710803501831524609
21695895155794203987254612024555886557
52079199713448505155198674472812675647
33338335272083460006883565467805267401
48957638472909029160998777722329217657
30293613788583898746183563787536529839
31933385779298743059525353025388952137
4777427290516126209705169288545098497
6802079600334768227850315931363767827
28209283572314084809580273183810501029
14674876621658152737797312336793936223
9192238864287755263899680727636872947
84493982769692967349860236065284706597
30329633250978951246081658056469918969
19395691780126631888655586090475678449
55153607486894794917778725626057652947
49767698085455140944694873486030140097
21371347446881760870172840030609383119
10727082910482803210110310066604828799
78178508957284973809896127923677880277
17168253575744025840956463970674415931
7860983253453112634762946147333663103
19859107384807531052201754836415490673
43397215012571009289251487855116095901
80238445905385164502122771364677913601
7530022093674566717189756668202083933
59188129123685951009499850728726992069
60719084674852367934105871312786601657
67394513902861276965309936250539462079
18118013929335379731896797017345233969
19578110466639281140547172310947083123
55222452400659628302090418885662635437
28280065066066190890536548574664679263
31228372767934418504575215052742540533
48177986951664877302174216208316002909
28033090675388686299994545243217173941
45284785706320234988401710161753605307
87389813311191264419374397990517400351
54058722385967831870084007230733342989
39125028021865020544786741114418082923
33770791733410339466759356036238708107
40226754878622633807928122289990036963
16963318329147488049940903428928914419
11204560923254629249892908861583895569
7896237873448346705918924977500730163
34458099855086404918106121401496749623
10143849303676852001106395308563019769
10530200559547011666046963881761761073
5970429727315237919494868013347418329
22692636893356139161899574430086581953
3626457930450694675682830732493402917
6149588295001544428622636254056485063
30374768713218773650729777725959478601
3702977658942841367790728503635554063
75520466120595313646181418600094455531
7317651390065494753840216047525514573
8784196813599084125735379075355051447
22192163931855098393621321905604569583
50187225329702663107135423388110704391
19680033203458147358714163515613996581
15889902155231902852959029239119748471
4114821430666722086400511824717306653
42178745533635180256809693345676003147
63952031533495633855372366181997807149
18404231076462884171919367524665986511
7380101265623199124107479921913146257
22673892195168849765153958977104827133
33547101630848931177726965402538629803
2185611967559191310969937000505922659
66517157006548896333632526073630630973
3208106472128146745355324344858468813
58529715570420998325106989286655122609
19917160876039985866645306745955137353
18525023879718858340710084601396847747
50081116791526466260420560229840760881
17540398207087593948442498960596696797
6422019460455884077931260203854434901
8752172689936399978432683857516787827
48975465811468676554772644862582831909
10915275405322375360216798939719650593
10143089183152318942257765390620190799
11153973785083907309358911564569401847
13202218545689540489745891313966087753
82987299199637776726387521730704721247
12718852183643113937877300148818414577
51082361515373191393196400338426654779
42613360978988252492761851042077631163
18726617894728817017927756629036148609
9613907994392605211543494238340049811
4934366987560909021732423238145390209
8896406232529911162565343273416231339
20787034513601614151454596739154381487
48621386247992264485372373861513537801
