16761491228871969551832559
4744587856940170656444347
27558549326674513580215361
13570299096641373824965333
20908707524629725517878137
27163939266588492576251873
28304450196915436698711757
9923909697667560569170393
38279354299866183392744509
40596596750431881918422941
27557624813307212088006583
27831555603092661230866711
21712597327783213910420287
51807957267116989641339869
48907088856378490310406833
72712554244062432375315737
26656075798724314876170221
16967688548628920645555783
74470437101537504077095589
42940069330284812637068893
93949694765568516103056017
9236597605090912757388767
11230140373136176526842519
24793975937300522374182373
18526703849102581910833007
20308015569865607645170273
78709178929630551193038223
5132897523863971281353587
23956052760679798028934667
10688481399535447901175539
17992112080335533748131609
12561955119014914607827309
75954543235579471088890039
34795485916192476464261893
1233186812452301598963557
8481880223938942572140573
49049707420537559971878263
81542309330023582236488329
32903903637599226828068971
29543013468142516819032169
55401992317547148019950571
16704819034843912394453411
39047719592572075690261771
11727597311258779583889079
26419213558998286157068649
39709419803361288217222639
9313033156224433311417821
14042889890096309678366587
34472413822973414319752557
13913754093997181486061613
52363539649846939448038079
8129557709402570249600633
55145926122403587672194797
28355080006256387322909343
57807282098113951742692777
19942638433856550371250773
37316849376870243616169957
18398722382893921975878397
2328505869364978584391727
6073902343815791124133939
22395135583374523222171907
46958618578620635029798999
17112616110550734909794059
15916161960575432710280807
62749633314630575073921497
58616156266101200586170341
7991863608638021676356917
19660560411269589288721157
32203367498370502065175399
26190165660249788431176919
27202172839102797221103961
24910409057177016284267969
62630396513202210516782837
41165658347667827964415471
3417476599189532655549887
4663912161155305038221051
5643388000440525148562167
56006288176417276483333949
42697901016819526249274093
33908581472814337862503919
16851150464882308368611071
44659051288332222061302503
5483645107493705807425369
54667551197396833574519929
29113548523906168049226493
65718318191540959186227317
7386822224870481790718107
12392248794314181363663793
61074190286499502773146221
55974026042011126406704019
40952166128871211794924439
85382321478669565841781319
57405775128188898952337261
58289838332336759976917491
24109208325354128629259281
71390286132694546855132063
20877912808492478178090949
56728162540548260830506281
58457919751080823266683177
18840083766212532472658927
8020476393595758167372399
20832208958829569110373827
45361660704021734929651541
52407695580300008644046341
52116291055626117310958797
2025907491123742718611183
43150235170036060710872401
20509480895376122373433651
38991839861180768108780921
30121971826319997608071459
8786347716895893862670989
34597751233257343856899543
23386167191988199570700161
8904128107053151002362197
12853563159690067516092871
33870387554655460897894321
22617961288555259016765317
57428722280331547930976803
16825622667174696225862381
3469063747346078003631689
24330878362650512254755773
27606648436222929700515841
12483348155933175799194887
1463461895575142455179157
56996843100201638923402889
52886288902216377311160983
82798889285836772349320807
9559101845634206066329459
31071041500486145499280103
4444618354719212889822199
13765099696414655342080001
53567523659880704208884761
13124061600189153124624901
2664274247374824443067277
46712550707350071904829741
24853743534876244056454703
26712634089936463539614371
31786921309655456924588887
24558497777122067199374201
4488447757148307120422773
15357289282785650442902827
13126070518546231788932617
16899205617950703293022419
65028182676033734084068067
69824282367809343972348743
14198279064351016634227693
19133872093312397341484209
21599571523747927362602239
70300488980013249633480209
5835127517807407261454809
15541570300529479124198689
13995561970293074814774269
27627488907630101568176789
18383879526109968674952823
26126416015035435995639243
13798347114591709210574617
12898952460756813695059643
29438681911139290226058901
6146407364090160521991173
42110547565662106606182403
15629818776372762969948991
49889152473280766310975917
35665671206957962528022173
35809768908911655390846019
23318761516238411612938579
16370341389201070974820651
15367677064512567523037117
4201056503192048080461103
3045193144196421953954911
11831005727437860530556523
46779783330192103127609759
75270023295854944339239817
12103330168478572097178439
7607148270848636617445323
29176495989122540758949351
10348636146445202487774743
23761737675429432222323387
37785344295688604797258007
55355169058103493250256839
19320824388163846802586359
34592501858144470786667969
20418432014251031335674787
33511739983858282865160181
15871701574869569963289367
3000424219852313684213761
28949785827091688644774009
18863119861523443219499329
33270535634435987979581473
39037553084653225517983787
36127830869640606520178113
32188368549818854323509551
32119853424612257495091287
90703392061259280439509433
78869620312394894358693827
10756411781530366043783381
29953908603229430661495623
8711966611219105229594881
3607898605967807931513637
20778060806275163044287611
73287807596544110398432001
20968899720349772761314617
19890742400091137156111921
19879986270406956544066673
75438273341252468194496071
29045404447725757701589741
18547367641451450818148437
2816347104847521653742713
47913000640041682182403837
64623817374742718528950751
6785874689928036405525899
45735870985694757301399393
24897113622298010031874109
24940576806946742920955497
11679059021740766163212923
11666666133758872855190683
15353043340201035971996651
42611236347882344536381319
30310045964921620934211881
23579901478106552339007431
46054274689098579804512809
24579247896020442124609237
21098628734664399234110231
35524793802273031767549641
17630153750931944679649037
2169493921730265623919247
24493510298043984921127637
7170277701602218744276891
18391652246294486486064449
58967738898883002426868639
25245510251486666958345569
71530684253334758688200477
29248750927883082554445917
37126415766970147836080833
9501280706059875282740461
82568293191163680205763917
25964861317192693030197449
10402336157484465974112379
34930965157125774951841243
61291492380034713319875691
17365154440997091509809961
90164466850297640792895073
13464138423930837317406541
10960858726513458437270017
4351186966355805532500437
7206442764443453663414329
43916992020900816649675247
15518017813069041045985967
27821750297134925052806783
27652376536705664935477609
18133561030900313679711733
71605369097019176908665751
39563577172256257511578331
20401357986662949473165357
39131154103971598794937711
70188301300956216734940379
28291076850439302406641973
50240858382013246683990829
16169919068276992651711147
8113380082927429823369611
8237297930489624298119953
55149651835792438376280979
13408809371096665708563761
2781524200694279772554387
26434110612350222521357781
28525190915882450536036673
91485043959559736405163677
49778000857000040890953473
8662082067684089342031079
11988252503339544154595291
13754050056487021760186549
14380905643034226965281801
2228182694280647169277969
3551073431924653198699039
8750951275112922292401241
15754929439237114844948767
4903242382531016607705409
24190025496888349956338399
15886141882792871457153887
41924317372265471595685529
52116696499760854872453161
10032703359110408533411157
3798172434721425059902507
75914332723326858652529681
7401448533856527187727471
4770322059108582161009873
57076734733449996749939401
16165014578640881148967237
4814200512173370485224297
54478582809120551983950767
32796287854736092867570003
32845191075776795821065221
30491096529200832831190663
13304902008194983860547529
41797587013126235223477089
12821909500274866177011499
61997916791101752215492537
15552269178400093957144469
36682929979411847418089783
40278197202708268334513737
8064362047876454097444259
16190773440955676046046369
25507793363859624750624721
75355889886413893500194707
66737253250174525674798187
12862480610624909541727927
9525522781099515701745749
47131422961174374735775453
6927251883147582202113559
18631659815618599791257443
40139044536886161374636243
34344776496756782538249463
30527600960404052203435621
14164600796911616888934247
6828815038952205540758201
8208356125766322220796683
35211505987255243337096219
12595698726944612487561469
8275389387649533257341061
33745098730374304154747849
33845170035807214591382653
16404566809917959589994199
51495564976311530854892681
6438497051099280176813773
34885317541090581014907133
23178950793949580027263303
8953396844648391922744159
26098121937649662793319173
33600565012505565813019979
20831759842289308315365719
10820998837073618760631487
58162205297505056219846681
56014435222493216719590337
19893319168374039515737403
41214667621854574372191631
28215626213914971549027773
8565533051099661511284209
46165934016504892974502403
78664719454352697480577969
65762658511812389765640539
20672596857468972805971737
38817643978879367712605387
46412054445513942115808593
91785223428204824672247851
3494797778259936453749677
27177863794030355547247363
38960166888828559881638317
51630148327236762007199647
7448708483750368958561021
45600354908259369407737741
11537068803102668528436449
88458847923215438883386279
26275532301687898961379133
9233338155388405200033469
40328581413329968808644013
51629756035587419542121417
70867906901474268080920769
22734114393052914220504463
57801260621786541192578629
20222390507529034308523477
16194079269558949104891563
3849543960271035164054261
20232342604446546540535819
9216333003320837812383419
12159046201298407487533927
7916578688787778582862027
32585985818051136521536777
27170147580505913094909529
27485399130702098013600037
80367394669191223652559377
62540095279448452756535069
37150505560201361701243309
35349856565407420617429193
70324811982769959020979289
23769327788546005570721777
84022482687181032601932289
33649754926709416343102129
66255802770287596208131901
20857760485673486174548409
35028230480046083484755321
45318971794809332586666643
48900401584354833183693821
3026816316776084862637873
19522631549089784033674883
5192013313300757006931689
6641910372475714538155033
17359212556480770677808109
13096938521251360363763717
15980165937892911491521399
57450809484905792646093217
11560187825809281804645337
7510716862331608186610897
16766908998429375276659939
27054835369793862219090449
30576235265503222829779913
35279567879900739693293587
18225241777443171880022851
12199943602432951816527023
6265838753230099786720001
16628451445105726367182913
38045270399983632121635391
3085782658272110939487797
47370171122992788453348227
22629921329098134154173253
20055168187439447619612827
13627203127412180448867559
12986676632028405387221321
24496399932475585523600327
36378640527782099434337677
10165599367566481684082519
61448591766019729065271859
54217896539156018523940963
24829050521857176105336263
41930277064691682148525399
82965458274223384792270777
59685192010629823910141563
9554179522440029334912781
22639420727730477738321053
79375942543135502158546511
13232402409700723181659667
19815118519390054703212921
16560883725690810171278209
59685417498115004177247361
4935050995107465696525023
11304753504062219102082767
10591371733304635903537751
50387845258247057152041119
35342118714636804900758017
45093540854734471903038839
14914599302368390424708509
3939945792180876058323317
62121213258832158444268831
75697521072160170272423731
27761678652028501800521269
42441809292320330438647363
13591872625866067260549319
13193573975908744515784259
57045862682924341673962439
9979590840344758895258383
22804465773437101078874807
31433975781191167758689147
37108918565068282110539177
6595860540188779451995003
7551336668897055750086489
72421048049973797122702783
43419269362055514479588819
23786801995604265730552903
19905272130155737712276023
4495196953885032313011413
56339444413058100452765623
40358305271918960200950529
11584418110891791618698759
83398504195307013483398503
8464739040421103852196817
2941069262996067350780729
4909733641263058589782271
6147318858426759182630621
29891943931359712200940639
37593525270947486051903641
5597102633674757519040253
19134558013489284935262277
47491463446674870525642503
30091107025719688129491119
27137596985662310716535051
35845227613791528200110187
18484564379795138241494639
41629681194930585742023443
13352057945096493396563987
9951780359948043952536587
10380211947934641043336243
80123453543347025325578957
10397747011256923431139343
59330118879417474163605863
12929578924993153806571849
43079662998532839722125547
51125819665146298005380827
10745784044703706978587859
26127025711574183205075313
31120516695300856842196313
32334328377161087975799349
8033444824831216270429151
12701141492153065385913191
7426486393979827830462029
50585288447685528709064573
12487547647928884812888133
35041849566636926075892283
27982757877777858311251913
58201045867747996158739403
5509321165730978455432429
31353179231437270293971617
11130476822142817756940041
10290593740654651440749959
13854843447295073186773477
31220276617797477113843287
18884934446278403324599417
26448502941378021327684541
32754411528901401957942431
42736074634492331129976299
50312470606066152539240443
44941028079880912471919809
4353730289579681319953131
25830645026213642758266469
64193311441763093249281351
26351880182605857033420793
32367280202387727838062137
37636648844119657013942167
81480639434408075870821567
62719610008930754146389803
14884587359633020585494847
73445830420948536591222187
15737037823645481001928517
12072673471015530127818523
35187371458629638208429541
14356517514136582544007229
61352494555464576897683009
64556607053987492702463559
16756083433110582438287821
62518938462147605492434379
32477826073686027816867091
44615689211999640907198931
13703867380920370673403541
48376810520286839638960411
12777859782830213012843813
17539258633959378380898697
50517582637159315647596329
19561514267656827797471989
31236671089689434585843111
16365257952083509413713591
33853392228502561489040213
16177939758719681228779939
27792182600439040126117787
17183389332516695245534307
7959107458728272288209799
21915055191842269980136721
28898148846882715707536423
35164923144912386152394491
6466796466676924946824099
9033106027465643713694123
31465895506179852199995599
10329547994157516118704499
38734680122546448677508961
52821180865474979682684913
13180011763995292772971007
59467434425925968855362409
4256108645158786414091383
58072296544363568018093029
8188091061501478852925839
12233578154049277927405129
6700703500761594299975711
14681291850587939015836949
22550682778775171994121633
39717101065901762115104957
33198759188384242945753799
31981260488432330577832987
26123401412551794447077941
34220887669130986532322583
14086912526293163410691653
13048203680034865053105739
45155944495824729213985031
15371504751076926249153847
16953581875922017691904503
57810395549566378037082103
9306543111623750558675297
9883000848289155799445923
11437154730796760342811883
23969512276955091397644589
85009079004462009413381993
40299742786625961463707227
19548119559128177231816573
10816940579460346553299393
45346528658723100863908151
77131202147128469382481889
23375533888141915100815361
14462893728707895194426383
47907708260951446841609393
42409738636630903201692323
22802151226932254537585321
40305909905648922887040131
55417001074997519809705157
74621931576216142304262091
4871856605465192701785313
35323468218610752880502051
26409134471083133001885397
15496592429070910001664257
51494267114980687503479521
10470817050613705128718783
9183478779018523630367081
49112100777379616347524073
19747993454078265532903603
51622568640231779942293981
16664058737192426947393733
12613406868913345994375663
13674857936748784768093657
15288419295111650037149159
22159012828603426847905007
32932154879746693790627143
53110121602877035881555431
31531303129093364501274641
47051876500827222764218007
43447436685296497782140657
64009336685482436739476879
28331211457661403614182567
23343334101237813111243523
10154198226592955791624339
11094595825730048008736603
50645880582605162334078337
30529263933676016932648781
5002335695097313304267087
54667140297703928878033987
55525423957625439445235189
64313884735441528981323241
8534061930455217106938877
86155129656909715022489137
43946902173158367142746113
41521264377433454655254777
39487002151115027894429069
53993891322943765759276891
13892686440619769428762141
53546749324537179195234391
42671197750602592598870087
10952068753726741696206313
23120787810474112959518467
30185398251286579953247139
16057606299625163313863047
38484603969057818807200633
58155821933818005660979253
83426301979140785882424983
29590988422264896581420629
65452179613764135524134949
3704409561597320201414077
29254232718406333661622383
11734724071308706015162453
2254338952178955303700273
2192528617893383838615307
39638951151439495773304781
29789452964099594116456801
28347580601892385446865673
8818669848382146403742197
57423648831706134343059311
6814327404297524081104489
3731083155328956683628703
29370049449846850695502399
30510469112659634440785217
68072389644531110168095427
31012972254116818996721017
62014128611951635169507381
39656509201091452776878323
22543807091005140321241283
70453709187389958322952201
34517184186699040598222291
4435313968985725681119181
63907843577745934531378837
35771246401404297206784227
39811394226378502765058299
15240893130691529362016873
33980051424037719804005413
62575570620207746984928823
9696684371184487616494063
30937158378301216541718293
13622303764040472203967533
4173845271674806441480553
12522913533253337629448563
40034253973394872643946859
35888832699196690141497223
23144302244164287967643663
31323948736690960044276139
13696476367324901411231233
88831634004456442184918159
64646295150327985209481727
45358560280608933417969031
19765084828286981759360761
12956908871311326231509237
65467533218335660106641703
45222318548960668041847729
46367470399075554600939943
19872856071385313589486373
12402624661922738056018567
16674738533575882783587163
41031788226705303552267473
47488740550400902029255299
69761403803499020562089323
18890397810702915529713151
9216856756881197424010709
31770000380945023605092183
20713028892698159384760703
25824683287711455782875337
9342146956822657042741397
21697172108174413538779921
26468452987854994599438863
24946464241277469011127257
15604534928480478274178971
9137457871538694120527851
96074329124213423035741879
11835679306471751891205821
49201268765061763918056029
54021574309729368550134137
15017647102875014610146711
10045605058473322938403417
38886746612853171407838553
17934578864422147237050551
17407492447083003460729943
41031704444647209780984059
10454555401703988589348331
32911446866733525923953117
5591924361549242666735297
61521150274955113947971953
16249170006870874323283097
21533460776487254770445521
39619316653869566489452639
10654363421884852515367111
57524450784309479803104499
1893904111985267490395531
54588529206900661216165073
1329580858394785274478467
27599811595694447314004711
44419417348304359574979707
10284174079708123185486067
18678241057713642735294221
4742670893875685655657559
4799572369873664989587791
25297087162043151752873377
4635768043446970340163469
7255450171443220713502589
4120239477558651848026763
14181441404735732546015147
6284397649415933440326181
34754965909689995150174167
8285159356261536421584433
39480365176498953962958377
15177497594864751725502667
7809070138872099167928119
48211698870528353224802051
41636131030632660847783487
39672560198236936351580261
65202522831274120505692247
16708651758499492845276059
5850734991069424316770597
30149225875971454195624117
18126372884213444679661981
21218357520778984761613421
12891138829381218283657229
26969751965250510815302901
12376947020565333646905271
41289589505435512024044451
32285663985929017387100627
8973410107238938490434687
13293747389123299255105253
7770682042508694778578617
10471713778222958192277727
9005356846533877937663999
8937038799891352136906827
21103082027694623507554117
27945752142929613296190137
15595574101630715290618313
8032147078751321121088033
27202743921667210712673323
7480422618517600181954807
74492069067579651210249797
35346237635341471433568913
9720318755677674361154807
7558782499382240647095173
46602977081610231903863267
38278033488982555004219663
27891472869349367343648727
4464524536522613888393161
15156767347751735161508621
27573223113509366581193293
11145479887452677662291267
23319365691541746383790917
53144717087923093030998323
21651976071179256613553833
41357936607738552613782653
34148949970733095006537879
3522328194847504034186407
20525853698051385103665331
21236728990244566976472683
12451268891259664164191719
53543859848458268325228431
30486486103183960961900333
68030516242685862732044377
18379052864866247965577717
8019923861114223454461071
46846532266585801594287217
23590443001800299680737599
52247131467739865137378259
12841975003452119358063761
10807147315626090545171659
27335154884220950001682019
66007938807604057443974477
23993312031442441425798031
28785125805129843786281653
49873904580181726494621443
57510609731948067611994601
10243603573047329728271219
39641185604420231794655141
75476301768602344458396973
37965777255584154097807403
27354870738315569405882479
34533893755533808472207717
45928370415093009491527153
19668101339991669160667501
7371795392395008173541197
84639109714454525449763717
31505222625021084403987631
9149970681800234442782653
37416453672724676776037239
38718271972408647547727839
47507297472451885437879023
41080256915488272899430491
42240697606890528939608347
34197936476113915998660163
17439939730994537537462113
29223342447758584358792029
15063145671542194510623883
50842692275504580730024813
24646103839074840581909677
21725022960703002294521197
26839179196827371568833843
79789603144905805598681291
71555396975270438328513251
35850303356500567810339279
45362959407562320712240399
47542967263832829647135087
10302999413785863508610531
48861632696758913266707011
7370497417292105383546507
9688347204085727175616439
6314585017632968438284841
20505049509252219004912177
22711620554159004392732567
16564122027397527024614059
21747180433690187967627137
7794154346165313400150451
65807040498106317507966731
8377619090476836795504229
20681793143296634246298277
60608340776785974112672957
21744656361913561300034267
7319194506215837629173793
8321112528019685268505559
52887012210790059293009621
42796595844933291933695927
21391495394885741266366051
25667517246775032211007099
13659291445760984770294859
17386837432000829698767221
16427469600100501217294713
8202494347779811926938309
3520565703481737897277237
19073476854255968351358743
27321914886720469633644713
69258671601871333666348289
67990273709466733357784213
14619628229550570890041897
72776592510045211542291079
24422017033807389123634229
18404999142143528380673633
9286649939401355439956909
86579727297403747302300091
63201097684177834513122461
19690605303397355412867907
11582625771270294205738543
52170033158048177707806529
6554727399442090854015587
15047513461882423613880961
17517653701840184497533833
33033178268670825611328973
5773452793706436400538993
16151429049745480227132427
28828659850083299823248369
13610404333714351240319579
7365351728169582855675881
5360763657550945174415743
30594966441796903945705691
59344481490681626716846283
33694316652721126688567761
15637431506737085476706531
27265751845367131241120867
49605356613284336868593159
37248614072156844362127631
7535234099732491075437407
65817559025420418137325953
11599347252484744598830021
25636175206437355639469839
16115598085273353370534703
41096423521855545774308011
40824928681966458531821419
41537288239219178286845099
9529484806738060297581113
33153332321505259911310631
47433241220343073465031813
23491061650859806321109563
16286162954486191064103313
16389475092085350263179487
11003411672420114216146309
51678648885179742032073193
29309450388062898915051829
16137182265657988397409061
20469893376299331043640117
13051712093384038403917249
20367582599760478898185421
11702580940730561778417611
57198010602896911171891721
53353685024585885695208851
13005956869352893620919379
10763369310980053862701511
33021209419654108654636307
37706276799241626311650319
13152795283151564218907761
12146199501463732762455269
28249033776941363262079597
76205181455780745961859927
8181989365430807500608077
38692413473440984602863789
24472606838045714463075067
12248071894748752589047189
55115601280779089329421431
14536228821667970446878109
43090294431994116509614817
40440380342803504463549663
39954155043500221922434007
34565192503213525895883013
48802174972769287073070967
4970711760932528498344057
8676902546203051759978367
37827461210840350840888399
19839767925347268469590937
11987626163990026213496941
48155046674475774310023221
9415452891861808794121313
9240569239456427367362839
7151416486985812543854643
36156879487708699027273769
12657148866113582254258447
29688243022471746282266747
3554629171490922003441629
44155689028776457633816949
51055525175024726034065729
18429042842749140219118027
9092793399597692020579087
58652488380332022574253729
18921407305715757478089329
26234595913366924077656227
58673290011168356804479949
12506434108854840398116507
40416789522116304757091299
75094207956827135283932693
19577399753698949798569127
26637609982305627340238789
4859017657359267247445177
12278918354078263217965489
78261160659075795631069129
18733867008867708968034367
14113302126410665820692133
36120698494207633565703251
5749501368887631920520859
17780795731842728692035829
34662226785077944884558439
62025788076841945971831103
62346288575747036394878753
74785400898962022647305769
4792860095930439125892199
13687092238784548167398099
18345772775021872828345421
17774409549126763426010107
25426928868685528038435583
27916047180245835825732169
16226510548908736947973393
57992628370816787715596203
15772235971362119412294301
9676303434251207798084951
51231312363408587507429467
47124246766428721552276037
30970286973497068265713829
77805263928861777622001797
30720421757769518332792537
31347023596143608689887647
41417694324670504968229253
20736759339334495642950599
42210660412724752011521737
22200797402090519132296661
50668387457631227299719971
10494142522031329166541071
59662116200923749841566773
25916698785662753267219063
46877134740938005045690307
54713985201465654953678617
41784498995286936073525279
31227600921523509748086617
45546177399422211092667589
9978043078541477262232211
34118028557783996046419573
7183112252383890941048167
63516162606054398258707939
53922498044054475920180669
47489852795871958860673757
43600696956046610458637323
13829437251615227949177137
30805145908653615391110013
48362230840129937351363737
6350909294749685215045949
