2898543103640095156609628857
2199908549845997803119633803
2875399511953688894514854051
457944196031736311924410213
568832082970488334184638967
1632575889959731798218951739
731288493091794099500202557
1405708126869078302734535501
4690901016911204608640003267
379197886207423406023909837
2214869105244618803441481509
1162367724885765236858345003
1822940239912383444266138089
5544232700959548010463528273
1088432364672643499875185229
2204730013826087541039914753
766028074998476525084145749
3472692736408514413366087441
552026902640993198375887687
3021987147871074743846905871
1093448055472575032809673489
1769751604094802519654058693
814881849185578203582674071
6360180954101236471669368217
3444118387426997798044814909
1004707564888422874362643343
2634754919634939717071800313
1076219292959361256142484337
5937165603154882313658962771
1628278647806488345277508713
4409657048093182488001470311
1003788051277456094361934897
788810938782826238900333327
3359995308465097100393387231
328578517524565370891712127
1582772377378089136095732419
2084239317011078956985991541
3746159584342777963329699931
1209316949329412087511568547
298366931337013176474211511
594208555698816772773305573
2480406553050168727567944943
1458071314916552204072840149
6405010184865518833913909723
1049486633859603027264469373
1111184849783048003492226571
7214015391110407941987955987
3456592494964149678603028531
2573963681330340433507069097
3335214459092284352044400353
725814904529654141485036001
1794297195011794781007641569
570879879908113734353433817
2976929326146652903103143819
427980712926376487896639351
1127995708912657590290613437
2620401856871257543280680049
1071407999308572180266240743
2010931788653685388978765699
574267280401118744454070489
4869865836766439678255783183
5745124971805760076694065247
823717869215235324050890063
1079320621795411678759350299
6065815463462282264848996163
384277092109129974850775929
7671365305390432771548300103
1211153740028353237272022033
3706915512571803630333457499
568018162796303893484944141
5342440711696225182902788219
3296041121127785168984899421
209842906914998484402144811
571101517239801208048646147
1806518344286769741002952403
2002515324809503273261530589
1498561653987507064887679733
1047557030739358964544096953
2483597358346118812011058921
6454598110734701282673770603
4268900786081301042514826557
1095401917266877275655180453
7129383159789966534783717937
3829147144094660265417311081
8562857715601434467435108773
2728753721341316845860846439
1784742270180693725615722109
637487625867999725248568267
1709059377730773555742649923
1199967146842856669913478321
786072340032971841829450931
575418267122852030676630593
1598977222481015974988827027
2093919790944874510777223717
3901971679120120345867144331
4706365877942657523718014659
1138403728735845065840110019
2574346805393456075394279383
6743675012912732356001426819
1955324159046518080692394711
1908219140947092396712420081
2663240146646944428836445727
7254388335647227898116337023
2316664089433842531548310221
1759960043809243202635589417
5758129230753874136147665417
1085329461716150009719518149
1827264136091996126854784363
1310604613576481664383483743
1320985852906094510057465989
3137859663624106547180931179
5245946540293416106285328501
3381296917486329520083916813
790464967420686833841422579
502204565791671748498351763
934469696820662964862082137
175049155934132946512366503
604608412503587186898821467
1173768744822097263924863809
3138414115765583095667275333
923820538110928289839437503
2939041174466419587470235181
8919111701627073050099942017
2182374457909414807611445687
3990316470949950631733516131
6855501351520188635850987113
644432536498474570552219639
4675873239855892515149901649
475431444665990438990020313
2956926490565462333103980999
492518505841813802142569161
140604316696729779558423949
4533387716714199923839287617
563405012296139270509811051
4140654451719199017619035949
1082159627652759867776029391
3351065899829885964968001569
3456750357232310493972260029
674440453810366981079102617
744416012385676882871439233
3813749103322802715300433241
2544535557429216628310042173
1387640804079423125381077321
1682446196817223401533423513
1614277453257910437674647903
305105076949213228527158441
1791373339399836060755745721
1410173944486350671541265333
1615076878243138575578366057
921425907790802890626945517
308479151801432126871689299
1411578568668113225198517389
858836327223297385570249013
2439487331482552569225451589
7685711217052688136321288563
1720152235535594113660893659
2033066853558716590256678581
4614564972930361929598071953
2372805973459920133316401709
1848551017325285154158050087
768352292897043503946045719
4731960384343310364496116001
2499844353941418140929358017
316697786723162530680244109
4582028405195129167007226419
5174378193526679227789753823
2349517280128587911161859029
6245637633330327459092267539
2156841678572181163738459409
1175556062243135832404888389
1023200117036906354748460849
1393223317196007349093312457
2651058476095712259454916239
941722958711782179252427451
642478332190677392436303107
2336775095150763530265268633
1634229697732515730741815359
1382671169965043632691334991
2383318700363867053406219371
722431469635214659550551289
3910488669586498017954817039
528589395858973772952177961
7404080928485371433487256363
5014596483680180978048085797
1634824310404744189100048179
2929362596178915332506411931
1607353533041255347951710533
4633798021726137179050836373
4172977515923820373557688319
3171626575779061879690253227
2345896892397743907300138659
1133493976456983864844529761
133878062344880136039571313
2585588837360037605632314059
2211158642582249566908046897
581675113727887112492791021
659715731171726426320656371
1363148920998779663396508829
836437312163425083020167103
1007805547781507824759424809
4805013549627578598504908647
3626191372275122488107556379
798214031689346452749122387
757198374787562173642205803
1258460965470720185253416537
3343278293525206474948124701
819404237462613761726331391
1231918364974160924914656259
1289654315559505125516608501
1206505989022008235704064421
1814950071530999242422128297
2540525316591772712585367541
766841699349140292867277153
1341126086228560364411205617
506184634871375791387664929
946208896745641998996079013
5221678259829761210836584179
4751974209668196114373287017
1120090029035087442505858339
669325639225248430395278513
1533346083844372076710627453
270939300585602983930136617
5988155118364456564553393651
786642913942887776409498601
4865372349749961798024128143
962660014937383713778248103
2835493761687354883470011971
7591632475639620462507757313
2913699531061703889348965189
384738405656862816053346343
1342972437645801575303390267
1080801721968860577381212219
460830418909021652752901117
3186441077988548582726301733
410174207412815207302490747
2637832203785700812272964011
940377084428714248093339931
806482375938625757969517497
233156660212092188298245801
2360841450276120442186346599
3175242183100001326966207987
1622858645333526559658446237
773185052312875439690885221
7432547604717207205805058563
351670408328716692535373357
3312747930940074493699053917
708073365713499667467185143
1902163519491476654915331749
2890999598593968975536981087
1899658740396165780174115367
4447196689854897589293096539
446727627844137718891445593
1231183366477346233979434037
1152260207160283761334740277
1420468448298362726483938423
725093574931781003596076623
1102751722944050627129907653
1095986427065219475791439761
2692245943145188016263869383
2300250931706019946768510343
3193246152621822786872237563
8870740570744954744781138743
1930961422695370259195788729
946180313222937314779997281
3398657867795223994867284401
1786916552239879672360898813
946842920973658792817752481
2628459348342174846100431979
495750345567310740755916653
6625885388175975114215761001
4925984482254657776283062177
2949565098679436677623686273
2773231039421633603130098483
5361287965692383075727261311
2833445410091349359302904867
1236578196378058634823697771
6388309098587075918620387747
3322056952199843480535889609
1335847809260091620558282677
315435650702070889001667319
216797718289170462999355369
3328377317002601646913435471
1444001455642084340052768653
9057391490981783542788495973
4335814215047371737925757497
3401790329377939272274413047
1546292246024767734944094493
463244257568324251228837657
2600215150682075589806565731
1300259318041050386900129287
745290888350545865301196633
1120460618364927026911976143
912274752858275432153165083
1889195111164811762441522711
2494721981324740552318555121
775039278775261484901990793
1316164478578078716367728071
1087451027043668477475083681
6948422851182717075324914273
2791547823832181712805396543
2288608900335890707009065889
1072462953292078970603774363
6125411131560435726911212777
4202314034243012818908698101
3205307406399684917032583039
400994279023116236360264287
340636772340746906237516477
1506642820968498236750618471
3919589187690109704177664853
4469001747610707238065720527
389615716944001673320300279
1171848102923625809714322091
4682810072091735900661076833
1144336793523777618860914369
2446314128725813389114927941
8157306812563591688175670613
7043621271619693853763355891
4838099174378765477030648689
375553141946454141447467369
1303196417720403549201258137
841645036695946646661464249
882213182879064978674460851
600489971061257174533308047
566621418286851510292909361
604779252591726939004412417
2317725887347855022157392993
390649163719588789485640673
7476813458832919152133754261
5257955711300999952858568357
1500986097297532116103580383
2662111148081150596954381529
1066276252038658462183058863
2899183118464466104400684179
835079444472475319854676921
2246561530544460362442441649
8194719149215959446396362567
3261877762223193477521734751
481531406157354634035441029
4688028225086132198774059529
3135251199126166152509821879
1191517134220683247165055291
7580328856302906229373489309
713837973058702484395410629
1456256458188541168345693093
1182228695402889664837626881
774654386177861530262295613
3980684622214181427669305353
881219947684722523181500633
1208137048921546432698690517
4628359072571047776459193453
4187199356981485374468546029
5190093467773402412386363703
1811584034921532637160077343
2251954415813956443041146627
2712220853268043160859502333
604978535111578444024733783
2122368065361292826126683391
383304788703729649827241057
1112318538416379403432679693
3464562326341146925968460477
903219552574971012275561221
2100838323327084737101689749
1385233805618857202839579949
2744127707526685338535675633
4273211229182087561038695947
1158114647454676739583654949
384123473641093045251413057
1069811421625532043137493809
2882539768432271250632888893
643683267092474877363742189
121562136264601092492466129
5960367074069401553186599303
4722198330385370695603076423
1851538229656377394146417211
9113601954340105155687364277
2336961294154032404015675239
3277373203322541414904774421
355595555075248147955149819
4607983684613828231816735773
672782933302443850493764019
2853843307436971042750815343
1100100347342208411429158741
940121830368301747768969093
1246257898460347003072410137
845508119281603076527834211
903088994634044105797547731
818531973175529877823160291
679383325991694322750907663
5955231094845020217955758239
3029916664624804454537873663
2137390381705202363199953819
614411704597228273711679969
8451395866117756556888542447
740225326108536126615159041
6250046489921115668414545117
1762263294786288898165268929
2216539182775588805215054157
1089531115757733971024607139
1825456129422675092686769333
248659410436998891246763673
532296654198020060020337401
1039387812183401992588819543
823633390051502401072777463
611236190014070513789458483
2313544283301793495851834089
592601363355510606243657983
526527767422920650338105747
446632611901816055592603569
6946122921323127086414417411
314723095754037485461531073
582159655185391097398399709
328363088882444135097456761
1045269512098333234459186939
1622975366305153304453050451
409727450707179133790015581
1735522660090635605343041309
1867335446895374198588082007
716830771906127957915158999
2246969478485265069844560379
325219485746161413176041253
5351997934991524936052199821
2610210319696356349113768103
1827284859896834399463007607
656790909658193408202140429
2010415299750159821452612793
9655955180008700014813629647
1426626408966290799719953153
1296479312184508325042914463
1768954292991514544759017201
2729791383592661834045816287
3810904758428514948575526161
5531109714071765560258645621
1284190213277683647923079817
631845412793904648263543767
2533592409831374832068278333
1398584051389110055877822069
2983949166720425748372579913
870122465461102508261106077
793506756500270731428322831
3009196526695551644130999401
1011727880023978054371823079
2326364654711554587576890201
995814054772028516833685839
1399242083932407148617870919
362860056446581504464201907
3926009568316153125047230577
310124165947663112282206573
1904282782263187987815227209
857985253333013228839964699
3775085938355532669083273587
1363063557541402263490909717
671576594403624982815224743
2835720186067812855787869791
3006005060287041763998642029
5778896415694524946668374669
5128271659674616806538302739
1330126970474238450293984821
442811618984018180623808989
407605458829897024527102473
2330907888154894411541208193
8449851042558208997501793899
2084636436221319118901523931
1702572853087684674211459207
1202258270032161144999693359
2557185799386097674089954387
1261218632618930069582543831
991794185419210340853391369
6627666407574285715990175741
3327073117567200982936348829
1555072477181436508833049067
5686253490411795386381725729
1092483257820175257946887491
565959951707846262246841643
1266340959914246121075038963
634074368875746015668552047
661118812781681310887998619
715652018095125801618815737
770475407728359281803332343
161363478099511579264607459
2338889653413959988572852803
8287776048327406628761476971
1892169651854924183441434379
3463652385029758530327322777
686682696806394764399677469
2733645826496814265581938453
251890173735822120906403561
1162713635361361890327890933
4396663673603752986219205849
1549430409284506374317901787
370487496898995057162503843
881303351451745837226180743
1122119509874923684075751119
1044613334690241009494494457
1232312308631155813997305163
4997053025295478952398433611
1024268168298100145031520693
921652987994510662795454899
5054346457548450790684932083
1442710326148727885952838073
1160519785612365228134338889
4101571791991695977602755761
5736074983682103537716964007
431772111962768888686691473
2297739998546511262686053863
2473177388321641772130289327
1392708475011178875216408557
4584884625628832460225708533
1791143978664115190258318803
4195203581254459681940848951
3210921257987459688962210303
1318519789700381896879388441
629947834185059184478032709
352268038929047890691246167
3227517607771362919389455323
7250642017244785817209804981
4090536465387404650984343869
1777419928778578673306956237
2015590213095204031141405937
4680853817600615055543475309
1057814466951892983631899383
504090973802969866818836587
202851255949052979804328717
1383889266615860545526030657
2996971180057840288594254659
3122355553154621114568125491
2657955342874980716577400243
1045882100984717500650820879
610194472379583238467925273
407433332261076294237818141
766043822480803520255571061
1639539939643467407870014813
2299183479277382581694384657
447311721137417633207211307
416716169928140287428236201
1017995540548016767405860991
1373492768322489252972143167
3545290888017275812322006347
737821186172618442511945469
3472349985555317553883399117
6491876065940767059065554567
4444759208262176689672649899
478799315374995222164096269
2374599618370392180657420563
2786078703673888927334671001
831974059648355786827169303
1846518686872958443172018363
2839787805522405912079299133
388923242217274146273886259
4681301990011026508379566933
1469475682743778191814683877
218933789212852074960358169
2987494769119941860256085967
1129893439468738666221117701
4134095059784425488418545167
3103763466446225897090000669
1399357872327747527972703401
145653824080694654069573491
2422255428030777838929159833
1691265905740095539346407261
1665738596834836636671952733
1749767481765200808296756191
6196091790000015814384406483
1533933667864700751917120441
4482033060515718663302186809
1467634653554560301336261249
1120697742680090658797650141
875303477333883080602800251
8386338778918938520485065141
415426609012618697548611709
3411933193114483097597044691
1874238742303720092663239957
3238973183974851647508735043
1556520163800236363094168529
860153088988921650818639431
298446490007462855109510293
1294749563529075999683913433
3321469206819925352160428339
3786695259668571754947553939
7412027556337619234936113933
726099295092695447037284917
801845887155880335112871333
1123134846117937708025139341
4459738868280103290319812329
1060413934921054198165500739
288250595865463467142701947
6797782832593709111617745267
1315602041146054427365704653
1586757137865488436919099733
879357442192815461223579533
935261195812258095375495793
1802265504445197645382491913
766278231680619381498983077
350513316457868796801416443
1134520641140982228319281191
672884186871179044839381517
3561475638882885320247160397
3069714292622916268313035783
824929274756528214222294757
184953052913336072258591179
730879657122276033348715117
3830778237569543640747097583
974280639985967225279876327
2743814461152708077259347863
921650745769214590414389151
182956832708008302391710959
1444339689533306202738435487
905547383049009420798146533
1962984385553055002392781897
417842554111121659189846601
1187084768837452120144195499
1672111550226015188294029327
377723008895761101823097009
7748255381673986969052459451
1433357242884401253530372909
1092916584567149798779903673
333908389699957778885623793
1992484264162985377576426051
2075025036723745423069829639
773315935371766796665593419
1199410188927737021179360951
3357014680660701827716681129
621489259463776609460298589
1960572526955784380926306787
697657874704769639389762933
2840957332618099196675735473
7944009892103204497079414749
904431052634168878359021053
1517444364706924301961463387
2880467563376550117046384223
540037874642591466178179421
1758365257628217615808836913
2717847249077616068282347921
2586671181360599669879622697
1860367800190333939466846501
587437832950155270886887059
1773108455461168420154599937
5732684423385899658273168019
430138744612522542700709273
1677151357338904116608482169
782429990610016405956262837
171031595255157723021384413
2941094694467449521674151179
1227532547879365943726263957
2990023039258032965089338091
983743353886597782821695633
1872616980575591929951000073
520159610298219652211328781
1018052200987735081881390541
6273407132741473923160940053
435925533280628089484465959
1794082075492211541934168307
827534662122382327705493423
2499545948650164373459365443
1297219577561915945574667553
2531058316989889551386405203
3247037834196768137328018661
2438835937232301598261526101
1770924548754731008022562401
1998256617530264906576687857
414252319852767679389644501
1718180483058988215899556341
4049500227307206439727665543
6256994779678123608302559959
970956702801494566427859299
5298759226218062498275976107
1630726415291937169091533631
630425995147525649953525607
1407964910764907175437637599
3570890763946504845584892599
1409220964470546177391333721
2404793043342358526907355507
6007423657996321954328992759
1165263398812507042346844619
436142621336871354641777603
890759001758728830696742181
2812068275016572254827325567
1771033027756807918500895991
4520474611358510573288175823
2356115179115268312212680439
3628987921486994714333644451
531011344804643798403955397
1111628269242000460199733941
7726624488331434102929926157
174970265273314390048365481
5415564806828325474970876201
849866642120582837465463569
2430563694304821052661128231
4899780890464360720032450481
2730017689404068831528762777
6612194524359668546771953343
366763216360227219578157173
684891223242146819756727559
2524577357012959599368350763
5350081914213090555245310017
2803464895356019974800319197
1532933025026671861987802423
1565817338765084394976502501
3743816248541566650134974673
3539435328257270806398153179
517202989155695836497213583
1009120136843309547366335579
3650818169039444283500715229
1803043013389141023159833959
3548648194883415200038871951
7214239277419227122993186063
1264366353262326122519080523
1896392729137085595675424271
1187654795137033735829902577
280763848447431901435189393
590048004791806001994732979
1889310995083108569426003727
1204144042202614646202339119
2641556681697758228146413137
1704615606450167955428679859
841196630593434371008051751
416657710142153172612372571
1048084836365140912237696087
1447413172709121953491432513
8343188578239817562769405473
1066477912942082147797696717
606372713378589210457404449
2504169570336704197375067743
5041472074039891815061337723
810083939903726106524325899
3354524964613483200112358887
3951635997601748802551797531
1548115963345468945592244449
3265961662154089532156585861
2301629454866200893289589219
1431172050969678200778493817
1491151359816432167459536061
459068442386654764893436201
6636104406575737540544060273
1303375571878718370236251699
859935629414398161040805227
824206910497616124578620273
4355549627000740271234102513
1591275602263616072604818921
124442790554152635455906837
2143675075014958820612817851
397695931192929139287362479
2059554260002619384142636313
3927255168877908240827485099
2294447193738826505513834477
2268522331316572882979026723
2760816507793656280247273689
3930406088054750039269254151
1022631552810177519430190219
1284032153411960317769096191
1290729498013557024616942559
6148010017433419237875128777
1678381879563908631828810071
3419242141766858468250895067
2841945326251826709521604461
4315163868629325848795589317
546749723767779474816937369
1255379830305742051474048307
4802834759714406382828768637
3353095204526707624540293253
4367625564205509990077568989
2557810835108305106259714751
2030610942651202926199845371
725044665426619667546512609
619715556551095753423455029
779647652313302460218170859
1951474979093321063750542193
3185324315765974719550676431
3183149821144511356074084311
1354510945755014685743897941
1989788218777559154759160507
489455497979823932430999799
710086770002023924574710619
219375469582058838989246191
482596162377835452917294017
414659560671596876854699781
3045032965060331269488703867
2133087634999923112606697513
8730788478076457748050937469
6330245257970934765868914697
845834092921887449053706411
1914380311767356431356245579
939719402990623552332374519
6653612750735251288475797787
2731136696463934113381157727
1422919715457147613888387951
394000368297721933825461217
1303834390920253892257161473
1759276140270519880052664079
2557384076998172097125129749
2659838419232391705169091017
1550901907204373021931118697
2200284451444336329105111979
2013051673991041238275520881
883086172061969692780166759
3170951657864019506897233097
5988793568046510848173314409
1090661638652591648494141331
397897911936332341831166789
668296385396379172715784223
829024870654986489094718873
4481503648955859470695606621
4054701650372128411011038173
1572844159399194159882891229
1101766705978136267905746923
7607120489342236687975587317
2813527401473387142892249423
2113123022008714321918837991
607038869865338114253474083
1451856859496868267136103819
6606200647808779101097573403
192592160905243418821848107
172780519498230591906176177
1448706666636934150046891999
807198059618605705373368319
4266061485936033012493231523
335588079920183667873909523
1030554680550261893033393039
3317079605651893105137524249
335147009425490551947902417
5028903863052047826409231979
169764498218632506750046397
3539639918893992691149383027
2514162579218196925556725673
1849180086303809266808886821
2429656426950757323802916371
5040131727310475404732329377
843543877522338853421523811
1603937059248706195949202439
987736588786819492904804167
2120401239234483873289686343
647004480554316001965294301
1747060689525073640623276747
2772954442857371221773240649
3182533664055475127011533637
2664210285241966464778827431
326139332472439854274779641
735174517052071581711713423
1704562474611542374653513317
2208367452806280674738286631
928636849139419132195515413
359512102629520617313781791
2786433857610817686489078863
2016137379868621272046183667
589388251342039371632596931
414681708053597877246650657
1786708207298326534153664177
1970823540438607804407856399
913906526044568660874643343
531141418504948818126126607
757201498178511882304231459
1212040085908075507425660529
4291307073378551384867673331
1535368122690890080991051923
3315497949619444415240208901
1866425533548648330488707459
8574067373620251153288548987
1742174393486429010525305761
989677983912012012801706669
4525887430926660908977624139
6253554686685212801651584433
1313338749853288581292795441
1463807544621402172165972463
537290680756218510480524747
2726356540850338188062793337
806436450585371504578038343
3356607022823164116262364089
7218335904735045416757545899
905111343158681154179913241
6084183811083144318156821759
1202111622837355359243994433
1927713890901948670200505367
1228943950475474166877468927
3140201344994708695791230719
2000861561633538813312292643
601821528596350977232039807
1375165215143574217872759139
2747096307245742546457139993
4525892286358149967214702479
237334018753276563107690399
3481506336921911496099212723
1272971530306513525066791161
3159186974124002551628786087
1028729892572357815735329191
1301736994130238431645794099
909123298982669263866307351
2292141052937726318888917897
2852103808896877307439792553
712280435724816048134057047
1709997923128383103073997587
3259674782949065556238591531
842800537048326269387786027
1863004879178035585380940759
1899528993176000797562426471
1074261815788794220905759023
1782205825828544309955926233
1550297490310993093259130943
912236991514801489827234949
7406660356249292457806912041
1141176837620539135931967401
2680894145159561439122101111
3656985201799651820189807383
4821369471723211820329575881
7458794182386621861402224549
3406929621756199148957154817
2182060626053775022774674143
1903638175023300729619463201
806420449391033827824822827
914243905863474049366371073
1128211895655850424164711123
1153708337260257996387612977
2489135290238830858718668129
414812286686784265428913201
4797439071108158133379680017
501076538227717624680410213
1413715494974765260368263149
225873972418156795270365613
224308301409801259720362149
1025662430317182150252128051
3379964062209416126730341351
1276219487189423940947571863
4607677318620200799028022623
4796456462227891207127768743
2799445769034037318190850857
2345204127932660144180884379
1605742190884267404453104693
7684270704305052429618939631
4525334715435461581259937467
391174361028233693996638073
1061170955431431456697465213
3031691252880542543410441727
1541461805259523288281949531
2186291691631350592064150393
1142820522399011950407703949
2034741505388236899438825313
5597910944874075193542417737
661742477032693460589008357
566575051848248569828101737
1253240092504506818841488369
1499067138444118709434101823
4163007843393091549653547321
1447267741051472467347713723
803175405507150769017419329
1947962002369105497407201059
2278992422803663842301166779
2959543962883827747252025349
1951814801858185574283811751
2318123969477071127134592233
781407692968086267650879813
2750966828424518585585918387
3693865554188401254000827129
1463753565334291305783642701
6015210264114010492590597151
1021763313974891242325953103
576529215031360921458359633
2094071127627594362424672659
619499782686054286066196207
1324020285834869370902219599
540921001118276497585506187
728970683004126000750946537
1622757112624649213012541077
605937900360980504649968659
1259308569730712221760611211
2008588284892919641693279103
2473828424557231827194940863
970978126691487480325776811
2290229870401749136827877051
5940674135328729968428674337
819198510764056363164944893
1966021314701503064639352083
256016715290110434535232449
1515645434354928783479778419
2672435305954338858098939569
1308885260243069466544538597
2279407638490516547526109651
1061707466659055546420227201
2700301223338646385394950779
415319313230209229670692819
815131947674947325541578513
1526837885588358322580391601
759350549231065082709483253
4450973354102449066988543783
1419797559083373788142233029
3155548126703423946792510761
3916907319473293871349228067
2898845373165773087190778733
807044466880215793071714373
983934745966403998039047487
3331363183858344845264991127
1954040232891395205715118393
5063908892024297057703633391
1362607539838510079934246667
384528806471097675352908979
5578973314020838173763630459
2326213393548895757250685613
544577463149994157532422687
812547713550343320290089577
1142903446795867139037166387
400257821095260091133644423
6662178362306453573412710639
771692060250213235230798923
