26644310914495039201
21875470288961291983
35819858968387074593
80209247851935321617
30391814466857705233
54444761606146325633
17625843017020541753
30649557190629744391
6952434937437877183
38071281631000622881
12496055203126709089
16152156136095701989
5355148016408375309
10785974040934445173
19635977863353316513
15585898112838913759
30539599430839550257
15456544854130810733
6764947295373091093
64769799708440805599
10489586314691328307
29465183429892247753
59668068181170964483
38393822485690129813
28578914186096810791
5640205850486326793
69707900452675437647
16723516378460863031
42825035321800597493
37047650355221190791
37509640578026764157
11797324962576719407
37130133028192278859
44813033364092784799
34908940088135121551
12130635650071947383
8422569701247894421
21268007969152584779
73654354332900118847
28491249715452436379
46028638645230044291
51788387976652564483
37500125164009597807
17710297130256886171
11295225605120717873
38731941565003671289
15270893212701222637
14711504222025805037
20788794348206380891
63553166544789519911
34274123489018198087
25151761406327590159
7857446937399731747
7996987528302138211
12600809947695614693
37654989982804874989
8224508264420237513
13917935504155904317
7833579762302435431
30549329124514556381
23392823096040768949
27066719891754063517
80806761483047188621
10315958033035361093
10904763800391032057
59214968607679424339
4035464069963514803
45034030559226196637
6409492120696646447
19730906481014871011
20731157189661752453
15127520537937982817
15852014015928459517
39191074617609933913
18134771195018114629
15980593446086435297
11209652364489174851
9499437128865966847
13846831155573319229
45946127002811961719
82417080529974671317
23896680533965003819
65910192836343569569
20342486351168406989
48007549659097066699
14631922563994585037
19806399349621152803
18618749464358878831
55276741771471302421
27041055506215459949
37851431200897138261
14755380642820031183
11330436570242114449
52326612601803998351
15205764519986926033
17541296442155096587
5428540404407700527
53565826866227355989
9283171168576112953
43402953293861398091
10259225705466301429
16070834768489951563
10902945303162352247
36480540089220303023
32994484786380920939
9326247612908571283
29631961926269164291
32119585029747976771
43502058194545903151
13982444284163386289
14089618764768579631
30629186190189324149
8038145542201576577
31421745386121432577
70884686516515163573
47849327930522289427
8010037847241514297
13220515000364755771
24604731289846278799
30285192491458265971
32411200489685858089
47291038913844616181
29398476510224838253
52861113142369156981
7599071721668621743
17060899598791273301
57431127732956921081
33490628196915813263
28593743045141335973
6773776219214687443
33920924613040067579
31563753709331070779
59195861519891442211
15280795294234949341
48642544126219124569
11962525962209521217
47107193586076128971
22942538647181400007
60597202714694356079
7504955179868701549
40683419201719282717
27352971686513411467
38049525670921168331
53982580385166627539
59645033561172992557
41383942932201458419
44555475375625943453
41877985683737411107
28445002133138058827
27792246269370044629
9473126529658418257
4499562690439735273
30505040897644469579
14961790545891050791
5884169345748688217
22683492643227863651
42620355696316254539
27282806719499335189
44488703779261640149
5854402550113499873
2931481249562779919
73263331622312061773
20511908716774738063
6553423339420191733
11006674385379608347
19169845566793677139
11896048522899720671
8311809988889345293
16479589597114208449
57064300467719954089
19439830591973922829
21547927466575983203
55649093432181114937
40635392982182297249
10323409023839078149
31990341653395764487
72541794202586237537
34106366770334166281
31698193513924880083
43128139165965625333
6064087462657397353
10928912363611957447
37758346524854078119
13346867356190801791
46612485385367957969
37810496400525330217
21804578309491276171
6908397861958758899
63401560271653633787
61027901264772850141
62620638039593430001
34261793866776425177
26757164124867229931
37912563462309697783
56571551440228763581
31763048301838036031
21179919475995089417
26488977004948267279
59065147790041499023
82145369151019861243
43009264443382903343
27497658307491010559
39502440619525684111
19767765478311774559
51189881130649238233
23265977112656409823
21163044495479161199
18872182966438480919
29263050474219596777
75246120588894034907
44861060836290841279
18225882384261072809
61262251290982672831
65206539048750148187
22049680240325528327
39350696143081538497
26478072553772898041
33014412311673340871
2144062642446112621
45789217078880392109
18468491947765935553
5261727380780073121
72875197100542026397
40922916444247271953
20517812707287802633
78865006229096845711
67028394435662717333
49507218574386130919
22391008830355580209
18141065410254749513
70417419941871237667
79246069918727789153
20401882457718083711
3972158713694336023
99180963618392330173
10822218017451844147
54472954990883880917
6644280510420105323
35801558988188853689
58898247565565923747
13513493562992938387
36841756695022692563
10276169669855964229
26201287319248331009
16696414517741885813
43575152315139739841
24209676998740033259
38576398541386659739
72561522682907342629
25868571533727067309
33551653199497020479
46022552889262374011
9662364814898267273
45941200723587820367
19170617824903140527
20982693627221806471
41636702396256258337
43558447081148107237
18043081468430654989
11552921745881889773
16127984439626519711
40799366571150667283
19231394611589144707
54133695153787488287
16793760178626154349
13319462464172462317
38092617817927473623
59416046975685369811
10874962953759888811
16217015868467612063
64095061251597600817
22071053423845565099
3026463564869113703
30822406270441756897
5877770529120386243
19624616878557139531
39816574900359241679
23832501176721003449
53468906317895196383
18424197168179048599
14700717526067048989
16373410132599540851
13557167378778675833
12154765043202926581
33514625131399287719
84419334470035039507
33176152559940701579
8855215235234698919
48800548828051590197
36529355094176244347
49104045553704657617
15131304778872063839
7497783268498068083
27338959641534020723
6620321419200845183
73176172636723341613
33921068885618715289
30887387903366209463
18934812126462179131
9849487952058832163
11038183224974898913
5142648430418679329
22347252068858305301
15815662559807182157
21499988707359697877
17559042857374364323
11328537111237044263
56811269582440860727
49868672084509036879
34438315829209707307
12352933392662980891
4556704724745377441
8991493456895437589
27901116119206281541
44382170994915547247
78288078098251875281
34366818462041586121
22501991370222512261
11262548433408649807
6770195345755388021
9121525436705297279
5463844341219371647
15741422740034112673
73381549333162670563
39071034610708323437
63173670666822048107
12239821230533829463
27177921128802691519
16957816829187234647
24667219812472593553
29759563846693759703
50374089971739937967
26773017548827577171
36365668204904389277
18239739662251123727
6464563306969891741
51202104803799412123
16409195046957189023
14196335303919363923
6122306147215149323
47998851648008246383
41982998734440634289
25253875215631042163
16438894916237887183
32482603058634562657
22133653937283447353
33463251836272799839
52684654135315532251
39266976872653890109
20345998850745126973
8496898189459009879
46089236737802625691
71191283705910125861
24484453639699928267
46328486711761657577
18214153992301554589
16553668905157447603
43045643419069228849
61375293080880381089
8773766922079317647
55067397202977600187
11752904503480663681
70060348471616173217
19407805513182701491
75751188891917904581
54951203595514999067
4310629944052274411
3841835779359850919
61606478734261075343
62186184607172007937
22868179262261452363
29288848703679561019
10473708272569839509
6888778243374098947
36481620656718479507
56052623514905611949
33885305098851933269
20137932171785760557
25883242990083771577
38111785029891969293
11248632551965488763
6518627401776307691
67712113239276715483
9106816512482109749
36645960777448443209
17464402312431032873
27391781990645385743
26998047794049855539
26995614001668296689
18769218674365636993
68691554787622068193
27163637973373345579
11089490419248180833
8234252063438487187
34148869329053221079
2578736125372172851
24214047586014193283
46860708531359672773
7806881964148982609
20508501741030754103
11439377438122387463
15706767010318865053
17790740959527739591
24221816509362855737
48868049980833990617
18471125404146398479
7675782344798681629
18277047141176265077
18007229578649753353
61243513490364466477
10088308183578687991
29969347330590202783
80408713560051661513
22680280546602146801
19077151634423201939
27902534937917404447
15539954074357795681
51968057983293680971
41746911241776847147
8908082531575262213
40125446930453716693
17374463951983316753
37274322562515913577
64289964795383850319
23076644282908616681
5149769374430823173
9263846972036967997
55684031888821472167
29485099870930026677
19647196105055293337
24000313867399375223
42675080414651229553
29161483383698081347
22755020732791630711
6400352412076514093
24195257337736169291
40897339006319592977
53278402835281397759
18424244583612849049
6123743264929686323
39643027993120625347
48842721721575528619
5265858219116062369
55128231189409049383
5248047247691178317
30199980797631441547
39560905717382297849
21961696226083150573
14480340221344843333
31553533469284776421
23698474126890093943
15006923220568120867
62942327007096584167
58045832852048232649
56693656890789643709
72682935318771427973
29596966461571068979
32049166784734157711
43265532725953641091
23280134215176194963
13686791901027800693
9080173029470284603
15877272401490642271
3055898445014559707
52358000360115822209
21228445231208024207
57492045015573883607
19157324585682909607
26824991567942223637
12736739131305568861
57226934024392744999
51569668403026212031
19440508134142388947
10770804678571873219
29401518472061486713
11461251041542786829
4043892119497175093
8861723173661901679
10229939084801817313
65818475139444128503
6551983189189316519
25008911278076135383
27311061104690616343
10460090772559016503
7571162691781244873
8687640310895644361
10297506325030779649
5697125482378296871
10521499618634842001
47935119233484599951
36872934903574155541
5091038165929216477
33113853148596171509
35591596121233688671
61688356745155097051
9801406934971503281
56799622475891319419
12254138264139081083
82491082216004371163
54942312043415852017
23267061062363100019
5937417388999434277
9580168602698329501
29482717678281290609
63076371067254278947
82430963433458201197
7934968989705365057
15544808610502229209
40350474976814911621
8113054569890250161
34722468995259701209
29984822705399968577
57924488147744790599
11077838406402417281
16337500372716694961
60442804292827921519
69426097945636888447
22831063415089958947
31369308467189259979
13267901142636519377
26123649663052380133
57291323123462950931
16915534186953261283
42509572372327036099
7554627172931737537
10954123518547279253
29258536637922582853
42428197133260280647
10291607509517214779
46890141057510249347
17248388525118758717
5777970291761296921
74080896096397342661
16703193273540958817
5919284167921093261
48251297203911300223
20356878487934834837
40260663623839102151
47230857984992467069
54517230420751775323
24589264109104990019
36644928149093633267
39991553075550818827
57811455928057855579
47894690910057729637
27211332446163211757
4277488056099254473
24594290088992205443
6791707780857337901
12132600823784996039
26047450954360595719
4826653505787148949
52937488014102367997
23853857364686347807
29998300882864683139
11772879071301212443
28812541761469493891
11410654463833962221
20927561152835687279
32220332004219818399
9728096743686644747
79222503037205628263
13656913781003864453
71772293785979362333
64810893320740640611
31946240846307435889
7545211004867407099
16086689767232257669
3313187239421288123
24361537071166891681
50760996431783178397
14188677126409393327
24358315647748254643
5458850396346062977
10470840397610001751
76384321713693645511
31184225797018434593
75199859109493338967
26015424641150682103
27377119708189084727
14613715677609640289
16809430923811986143
24160147213375777729
49883521402088211193
37833487408141772983
21610788912845966573
6645494804215072061
13015440460818422831
44165577402904753357
59642994545490411089
79465782556577888047
17602140955127425199
43089361514616178403
12024033022343190341
20528268549343775719
6023952506599088209
26808090833237476729
32113717293020005583
52835473190988400907
76468327383260717603
92667784696733537363
16407166434707802709
46444111503837891391
21818375287685560627
10441954065596339813
46353379511946545527
18632021235884367497
28843126529108557123
19383906783186174673
7083575597997198623
12472531378554088427
25128947367811947973
33912428636493478087
10206199616312422211
67756739179082412209
46685428683905243093
35012852572464085853
49028543934843718747
19349106438742976939
7763654742061283381
17480831075874845893
4516880986777199603
31764113232621301871
14170673364890164337
48520920942684630031
88156866544507167881
2580673158552828551
19213892102632818601
34727184789580293643
29892524563423901089
16764482856986891303
70196551814659310959
42379351732040867077
16013696995875035749
9103759556599940971
24837037487033722609
45562571962860278789
4074053161445400631
67777340473097100437
7738831220246924977
36891144873177054253
34314956074916976601
31348293126927227273
13387509216125208707
8585424990788570339
9130992473995352731
18947191316926219561
25946692363968944027
34304931291770624399
21632650900166741671
68092480528622994797
37817432087469056779
14962462104837637127
19786912024639245821
21892774581825571889
9466933996689911017
77785907926384774093
40692966160703929451
6710593041725451677
53869991629796825557
4079409192445215217
13685178864613925707
10212226262758716869
64709550807441872219
13008595299638635967
30813130328996388629
42243211207539295301
78408722775313856213
6609342445533858599
29820035550030414391
86529003664896577793
28915431375706060067
16880432587091639119
10456343272859343571
48953977676980949399
83653127850357127511
87587509212256617061
19649569092625068473
11728066630623103777
29442487231472644837
8880771423469598047
8990191628616344659
4247917777333586623
10278909995828840549
25107224538644363683
21784844873068091071
23475364277272927793
19795362893532371291
23281704436454132059
61343819238001695751
23516330130879296993
4123124807993912951
15950547795534261199
62049810952312690019
32045272306061038643
18891786428443690603
9104087713891066597
6571346758255857089
19886295014618829289
15905833968285277241
8132932113159804487
40410048857810435269
8075251999573274123
26257940173368498839
18402683303881402837
55686052405972276117
47439958158136502089
14159804323229258891
10084545045973328809
39224878439098340951
40452782873168250419
49495371838193871907
62255332824112204663
13286454607835141149
1213538248741942363
24693363174040753177
3905589631501637741
33717148190819125007
6083509523508877123
88693090694324486317
80397488816188791623
57670212331342497041
29192296339599799223
42458741736215376461
58185077764190533483
13523922462701784503
6361061699263467577
74334328927344310639
6593076854020647787
63181970922365857721
26140350490258872389
34605730074485367097
37622945584315538207
33098433343948605181
11609457165013743221
24977937522034496977
10468018350977060191
23766890539318620467
25547582036645157179
28034175452946274303
12472924302224373439
28410815198824866893
8262944710588197391
35814206495332202527
9906179684135618047
25583759682490164563
59437576469212980457
28796872674577242283
52289828590787068649
43450151707716370061
11129839721157523477
41546670911890709897
23319424179135625967
12956763014124390401
82654651882334559497
76354315473626576167
16487569615018141229
5691206644107800119
16272160847717106499
20244609174631705639
16348223241045707797
44473966901728345183
8168548370655983293
9275398866581755399
44048318867078082659
7054092659666099807
18408038827539264289
64213005386595590153
12178869734535179119
32180461026936630403
23532415336796371301
13177568505776881079
9499695835360613681
43916657736041198587
33460019740187526517
26400586358456364869
17516478376435674529
73347652168020234461
5591656427650378619
12529711761903501169
23176298365821385331
10440878868772812671
67469850063220847527
9629678396188134217
4779582910978910347
16383164178036020191
7708386867424737713
31789034135432968897
9295733323098263707
48478657028445627421
17283319080775087339
8940162330404150609
18775520777456799583
32759283727935132701
14783452848261338711
30122331299250350327
28405013451566809949
15234618282819815483
10861205643255339227
34250661255542518159
7896077298818047067
23593302234257254613
49077452779360066543
5628112068615083393
42016655815480396469
14099011443618559697
7975044434788671547
36368332740534263839
25070229950630183623
32061418312781750219
41506859681642137511
14781473256294222689
17020418461635621181
27087794794902965341
82511416624942203091
51566445195368111747
12094163840249768197
4257990863735194471
21983444826037222217
16527790914139974499
13425920859707246453
72357380582943790699
27163508361916411801
13019449415025488867
16016400364840558789
20771466350137839013
35210215796841380123
15738372279577302337
28351372455351371507
9187601476995043049
6120165185897219689
5346649794524281697
28338910514487610339
80998185911433603473
11812409165295681433
38051851282843099279
7232432519267708867
42043275136768575317
11169984839008826449
22523488233671853611
16103476190368504697
37446275601824375309
12938080491896020337
10885283244706305341
26038458449870985029
8683181857932894101
34058530343999547341
32360005292218052833
11103934373317301629
76276712173415498093
8359973122885753987
38820054643575307903
59149787529439015049
4237905295903263043
66436561043534711333
29405170003360505089
40114548995141478161
36499624475360510341
6189991203962760431
17535170057068045139
10666903652461489211
23253820974190643437
10978736224357197337
12858404995948107227
59887998718135700687
6738561754949832107
6403384084021345537
49124864551559583487
49426215681421372333
76525092861674795251
8950816279361496367
87712115331507249647
85863490360896828001
7453403105384033783
15346005947067945823
2627030491748655793
23499899924603244209
25234777175856806483
33971235537280659089
22435009377616670477
7965981038678033893
71308509852330401081
38774222548395735059
66614104775931928351
16270651746449410201
17002165558926179977
7835071790593336979
22813956720635681311
44874146212837270519
24661135056974650379
27375759521522802619
58109904483456157769
23670842558294950061
7590611053865119537
3513459382779249919
5076064841825050811
21897353344163673253
14811173364946273531
22374996696313281679
34689237329300760341
7256049870639477731
43173212652509160673
84582568669130132449
80869246587546930493
73973837210567550001
38217818933199968809
23879278156452625097
70619444150028049391
58631190011167193947
12121629683507507809
12136815432490901767
79534809731129373571
7810627732928336353
15540068244770180663
34397084255067188279
17438332177049576071
4760041536093573161
54326821353236616979
12998804004462080309
3994289505022395637
21502767884972708963
46946157509867975663
53567138002062444233
12718548966521371247
5998240781410912481
13594162671656213473
73592834155580362813
17570292285920729387
32497278667255234597
20391911381413470439
6204027477452858681
50206409879958858233
69318818461933367399
12813340469112087503
8557163065847627669
45156020697080784181
3845542048383427333
36691962411424182763
30098302704222151621
41171821025214644887
48925760170038257531
28149581158884259307
17459616323507634011
13766463459210967319
24439798300580084623
24775060082329575793
25781581041234044437
66309999735925173161
43951588575932264603
7508920441948345229
48560201253480727313
46107994297621173283
23573079621550870993
13255809428978865053
8543830499922833443
10668708827984200243
11499993997954222003
4321923518525847727
18879109284604435201
68013306921778242223
59894009792026803277
10946444480589124807
63515713916212822717
40539816978836612137
81312613619712509017
42289261157511821899
6109425235177822099
81321163114538211379
43262252788141210247
21194037679847595923
13651865007744209177
15533179011730914269
13548183946369703119
39106698338910732011
1696573413724220441
32439766238668484873
23005242838745448161
21684579775737217961
79452101768377964789
10371701870216033023
33158992521945780047
9312482812030195489
35115483467364793939
46587670978146399347
11777324673351170569
80093182735960773199
75812200620450060967
4553335207693920007
89925777290121742327
11793540562599144071
52494125813864221633
72479116530814366973
28837429276837189117
19627500749330647039
82642843052409513661
22971471304774805147
23543930290278680027
49841652321318469103
5148721384209167867
13801256587943284267
