1014102099745558471202917594238803
1308953015031842838160123278885823
1475803869025343440061736010030559
505564738073911806628900255784911
1473040590608646982904331304169107
2345636620979822240136555457410469
684067017922641789952309175507989
1310793805084931815940118119824889
317648784734972048155822146380563
1573207285684878345226986443598127
3335950342431245764945966124526503
515386509974502708372745765745857
1855974955081066528925634609207923
1832634228753083223706728074573671
1985895791457827226208643737622909
6870206906191412747953248522527617
1793004696970532702966663114483803
5570863353397014886622004190625689
2670477897432001541048849192049667
1804438637111008312808867603704027
1229985683833818081041964113620013
1982567563373061431488209165597749
7234370417290429133269167211250611
1250484310557252339967124353562141
1579473802860161622449359804044731
5448730759431592485549497699092697
1446242691597293473464426832574801
7333907847158630547145462152409079
3205158334980678973226219640666187
8494455989290102508723120404942247
2510893326662405855665231520541829
2639487400278945017024846916904151
2994650742387554216729696679708133
1644793930012687312916474922729739
4219196499932873613297813692399771
2656380294452886510437766920180047
6201403263590655804503595190923877
3306898125392530290815889750017147
1594938823743376120989611093402399
587571226032615320693245664494721
302214323474321258457661756910951
185603807174221332582959667047713
6924200699542117702059694941735977
4655399564461859440366682876576689
2719026278699012304031291173164629
7517815905738991869646244089941943
576329260304265331359109739602273
6402118381428328749548583137691227
1212015003293157508264090670365259
585170838144245969625375242423609
2127323636524020117188699878295809
2582581079307208150720973876406847
7671004393260253546172310731565337
1123393428888330582283053920743313
4545795983118462724615129539296641
7413930633412714298855957934509101
4315381400844281693400578778424993
1081000630725968612366912907650563
498502396981405026159578991939043
4524379018772575057123339438556777
745208964904675899926089419158413
4940568675432449506004930680660463
4482028739082111161480575197421897
6633876604511105625028616244224167
3714407835129179570678407647758683
775984715841221357574729774293501
6790902158550053539522111000507933
4813220684429559149271277740501881
1058005250804362618641830870738473
1569514554498856694917301944534903
2758604992055127319722357841533787
4366572523346895950290176364082443
934199061802990779500738497411847
5101213213718186349169643254638259
2302134596827589440228919838521767
4006180574058489823848492355394209
2615037050482538227371200521532641
3119535696419979045304147748856443
1350850564772139064571041880310607
1333437707079122180860028300171929
8723015555659242384055275581293181
7411741401075344119262939369359793
1647036927802016607760027205438701
5486978197537248825900974641419367
3027565784045884449499622743412579
6776816211313529180466903639386903
4142385576916385069428942709135797
732238666178872457898942240016753
1577592821581256073884579453728981
1838135838311610301682604844828879
1985850886607835706409223942520909
1312989376704566006973618745872923
296003187568947222957201476202431
2049874271423253171042690401930873
1347674948603686559023765746740741
7681107532553146718244744046695491
1930409661021734919206157870861751
1822781517111460941486161845651879
6753229483680601451944533961256341
1942278438030640443026173825141591
5651683662974226214201512356505007
4625776932052468156343366457913229
1006772935066181436948466463473219
5669192136193790864127126367429333
2674817845999907446086907106296547
1831153864115863050981182074614391
1153333854804864684481060635168061
1097226609780241477309061855439611
2440457206059955076986129311677017
8598300675488275869400231111241711
3258496264249419565121084849161447
6273988692601344241810567295057131
2508657206089435921170914054642593
3579417049263669167991547436563823
415131955414230818904697416585347
2466554108447529079463168303876071
4012929438466767841835770735632847
4780900171029324893301313934710181
7034201879149107926667033487094533
3192868244112792394731919678451081
462051586013680670166172859978501
3941286981023738389981892354678749
839967821112508839770636976759053
5531239336385506196409822278702131
2451537174656062709492595288619753
2039589323993359943130816207359617
3108607191080648028333234147273763
1707648696748871087624138139450923
923781072632962809682057132922063
4159109560892090945993141602545343
2721119892249582506330861575336171
840534737687510939156885880928103
1605931895254502809186419609837079
3481195077238362967065780464104897
864268895163685575830701707149237
1538923385042619410178793253952233
2484891460493244335179502647279889
6108326167534778643607124760552823
2269262043737590768291165163101507
287532067690917693205236942734911
1480005828250895560009260591760301
3081369720390007771310872982901397
918540721775746270804957114390709
855109034308296085792329507532873
1089509457871219388862299946674579
5316671853948995192175891236982683
3845993775108932529000892586035309
1231990251473429661870863462568371
4327167901689293513013337829448413
1416731468341761921016623501281111
2100740743062427919865533874198683
1624843126255715636535115722060121
6696933864850751535577246221500107
8414658577420881058316304036552901
426417860453343741606695226985537
918928323392578485238960023198349
4035745203179596208667476923412429
1896829744171122834024375754330823
472633585941559024396039989967783
3991252408972605014129723287172729
506352197575270275122138071995703
3232996013233067842975927004072839
6047510418634468297627808976258167
3374022399759539797605915069117157
1832033056979243152066037444509249
1439042441593573966888793371296401
3065927460659069091234772095408931
3695448356058457186337776060640467
2535492379492157572606708932973139
1465150666710490047633500379126079
891029066750561457462272844449833
1283025427967758084775842804746557
2412960503569745085518958321583601
3996811109098327054025898741753253
2617681073770676474624803069180463
469550265314892433143209391505721
2222479105375573706946371612286649
6374941464400510156772249290802029
544241251598411217553965062780477
4114633388518375626806117569767689
1048606444649306727221895566800627
472085990391078983438703637246831
1011778511527814087644224589515079
935832280493476681164723056965373
7349396591424547969892376174439229
3041257108215432496325241944172427
3273436742540183135906458313669269
346361754720044110617746946127159
4885288689983692438289504489407859
3071656724178254322506052449104687
765287250210291789142955042997793
7886088062635308838539187267667189
2359613113714195817639548143997829
1216067468021151132322284265725527
2077340699445799651810563655862441
1101875474994155845168578332133737
1633507127882604540918739810356083
467393757021922325199395042261909
1368806161559237017533870117764443
5122407171321816237580362692066567
2179971207357454705267797383985671
8282040164819400371335097442390709
1304223397756301199189100148595167
290468973277937825168563497727993
4956274255391396369855397205895743
2889046346809487670437797108154111
873991692180114282993365622177083
5431537983240239288302812557745809
4642225058330332121608106244013867
3891029689809582236963572715014213
3407778023297625773664818012007443
971231832015458200922087899804091
1464263886393673994172064387435523
4748529197975735928396648366422333
2727324143621972819331887255157073
402490111518103197510079409979859
3040024536877202507855662144499941
5662753885428505843471309777945703
2590745428945347029914661537878307
1924139919914878740405591487501553
5885981623516839931450401451251731
3042283896400921678565067450293771
7225038014124266339162798756480953
5318320177922498501235860084788177
1525092010950198801459122110106681
3319276623590924894178766265052221
1080699688637803711862181179904883
2431686287794262840306537180637617
5148912441361754383435547683776571
6490000617176672404090498891883833
9853535451621560431732960671820457
2749583238266066634473504800389803
4405112652612541395522059037974569
2889623038292178237495739864004659
5130781852575498031252359690566981
1430435377832029899580718698807883
692135342866829912085031150710793
963453918697380988248136312677917
3600582713687436824876849221595423
2354188971646725616888393654730977
734351741143134135142228660587973
7004966967407276256365787038192383
4135304753788367255473362385624373
5141597399206241075197619577988643
2235528391380540818604433326868787
9453182037639366224180414779717169
7320242957893343037870826431384449
2412571479740627027603892802278109
4607103640027908635952589956521011
2325010329896392032872956399073161
2426415818214748468852267513162937
3448201956357915286457177659021133
865671072136769294972710159923071
4546659201414296885434369278300619
927493600782807949887722232231113
7611843056740155221813577938051123
969930412532510277045173380404401
1516082280003858041648905910481439
8429413524153095277696240032083649
295300764690467885765880925528469
9416803163717607221295277578219197
1340399302801976365073613117695773
6313274927314188523530006955421863
5347632098842880936547123871691027
4117353866523391698225861442247501
5554738113712791084904279586190541
1390357556183254376497568796652613
891491687579436224332764604469723
6431834813465551811791953650132809
4374129438638731277999564910157603
2402208287775034707696778631035073
992395204191297397551851588494121
987561253573395198287160745126739
4724692382689853600893312910249707
5511615749812914781208512562990657
3462716718796185768163807689072073
801071304448292232005016091122797
935872355905965722206574662761703
1936091519249966543947663441538303
1970782298284533608224517381893729
4289630985887958229078639674586307
1510896186531200863552116264056549
680178473560424592305536742605651
7372683966784512083220651387090451
2929866119161515095961005523706637
6568366743327258223308563339808173
5686235108376929148347523274283287
653227291800414079835847799199363
1410239568149993353751277272786453
1539529513932679164005961056386847
6846974087560931143186517229002993
2573173793993474669448973332506933
2559083799652925477182939515232489
1747872947834317281708497111497073
5617592646574753191853518801054031
6816722122672444257938361954838607
4461498468438294745635748602379127
437469519542488822715007257125349
2342991813581022414053991774075719
3822519161071376562649840346483119
2318154672501780707914730456534617
1831072118198724351350581655465447
1065232286866506106566671014355471
7727894686722617548816205387125277
451642169558782261762146304435801
3217781238576686827013038873624387
2441928339870990151330085771821709
2583118623880114447645674981746333
1756524912016376656732513633427183
1754704154447199358596566598884843
1775700105550716766198571298413371
2596752223321736853093041040884467
2912374553745159011879261484822763
3503277540122279315118824290990483
1600704080929842974978707268713183
1563346564028676179739130306785983
489126100906403083942023166140043
2579434144516090119204631559449303
2026273396697438374820733663811163
2238716008396934960173572449084107
724592091299654467339105790538839
2910392548629829749505035052919747
2834567546843789292801638834402311
3607411059020854199334765023996129
6227941715648540008530236496642751
5303451974102673190481005002662917
2278086587340911167846871638534487
4084594703794176852196645856832127
120850692589034938387296872166781
723512080426889308138784295032221
1377048067117601367307675903694173
736650831094154746391261353849433
5372591076254972057800450179411893
2530297983556824880842522704786467
4370987326808323803512812875876367
4507932544772846713249373946620809
1757154881038870489468274127043799
902758595508660333429443200780583
1330475484869359947178925288156897
4576720274040541144407457950211679
938571476038204004894521467867641
4073557494940928620324945776291583
1368087021514287837094497229556983
1408130170456852486273881159147157
5029013465699798778072060170204123
999600873222339223834120099563097
5232494439939591417136946069643623
4859605305213123218968679177169911
3538131724237600046419013053238641
1519597260224372114481048748515611
1929895984318273561907469059005607
1533748318129925210156943809811841
501758493081689900853160172933053
3271865807730542940950310316151209
1927942086546796470808986324143101
599134803050656363531980225968267
667473044687517954247515276594629
2693226789190361769836021396408579
3016368648666253616344784294199209
845639841130649100327216399218891
662568978069587633540391729693857
6851386895764671598647339922610339
1268652131704604518203928458271471
3110080482185534873975908197113279
1679047600847477652460153302157787
5416812368861399732187072637668031
2616799674722386479067885417764929
1042987687837013732510943279414449
1140357965187430425868942505058139
1207838211322345277998078263368009
5533914291859746984632395626332509
1833695684789232933611937290714137
935682458868638074207721359337627
1784006529764036545553879280276979
5732401029669918463877716021048361
1904324028800053969960108315144169
526767507672297612641430973959857
958939955158283509055935069282337
341973955113238407852423880003511
639346849947896675141303099408239
542413570342919718000071955873631
6026810279140576590986620311467657
3967271370438873379184061252345319
8098381023585578492000739908134861
438363668064357695611484095992659
2958841437999664939862474296198333
3115314549536836005866284131694883
5141324628414892002325837143694673
912632623503856559616819765050713
4714975106603765335985814662444753
1434968637235746992523800892205037
2967885415246005861372494253676979
3352328002771996442569323354555473
4487296559049257081974280165047231
1983634200054759622781788176572321
1745661903715425512410508067631171
6869722814615661707261496255961399
4780973302870401866716497182694209
841552401630452636395879883685517
1996209622836749293833437130219203
7343422496604328570901778181068911
3127004994262840618033518108512897
3111768469904421856119189362116007
2087659279350474763326038841289879
1359548402177628889271963888417149
6493191638141648495686438812595949
5048575793681487185645630867413093
5541243243674164798511893814662403
6986623014106484351877453894611317
1369478096275434929410455539883313
700881374174648273850319394491937
4081408722020105329160924102037127
611770309804105076327015105349719
3069115374249305258760204055572763
3490503019807497798487080432021211
4324296762917512243762003683093791
2019544284499193000437298973315953
1905921799337640611877966623290351
165035368336055237369947980478883
962401094601581004274281049393771
5353252003126933203006123367243363
2186842766477667057510041949537161
3616356067180012395840528336178037
6674831034119853500610081070079041
2627873628008838983561885546885483
555192168680940354750040329599857
1174658969499371422096835270115953
1096715660872130503981232487038797
2215231159757639542606252639482209
4195009046076863602194391355378039
1432732288620118011602612380320041
1377794923199461568856141065485753
5699596420151558883756795399929179
993574591585183700949065303126309
7076301515396835400717628608585139
1143438141358177790864681932337189
3215556784068399492339031643646031
2181412232284375698850260035970223
5426991368250202910359978395550217
8698536002844850568136102684529093
4399294484068073774938846025303087
1928917955831493051910147154408143
681086018358333675316619297792837
1426624993154573702325365200824403
2169426994286368851333509540335387
713098052055336377928264570251113
731829323285900930474430222905263
1338310198141778571318274736931323
2579716808549769101805205423814107
2051483589255530336498221582850719
4286101048280553461175444082556287
1426094222989296669439901788204823
2512532997060837753470048568277387
681653038539304905890680777661149
3986220385986347838427723109712923
1568552395058171054626519316801627
435032852733357013370030905108099
7082521252497213850739048703252359
2818105205667269031299650547794933
731514706739040351789488831640073
3978493431935519941703055537882077
977573003675070851720232079775369
4764092828101631568760761678569311
1830902821854138626133339449709469
5678295708281117608146725085178601
1355800122857307004657659343886249
576516729113872776271883254607569
1418167209210565476330623845345187
1363346355234583603916835261111563
2819750560807360968003925522181987
351756369702059810000138848820981
628464883019283116758567879944881
2547868145140938489749366982568049
1911572459090907320934513663396283
957431643354797749842428850287053
1879210470991530709093292292401539
2400561975829574951600978881210999
1788102463460675707548311583729377
5714521516689542411821716621346903
5604020628839628093738874234993033
2703557670584606175777447400868617
119721858478705060479118471283171
7132984307103477432122273442639961
5063451432025336712822306055997387
4497563031664708284733597464465541
5432892042944575030174221799329197
3861284234892149440274301241671803
3053355962203994905121997369266407
8208146069417024906836427185460663
4878621850587982464201598374700951
758372977951202009896226028603569
5665546296876592737229485985845689
2706852042195964040203728363505633
1297468133260753589921308676630951
681383598081598208211730341326369
1335854874762381966052466301557531
1768699948316321500301335952867497
3325830060218618826820830850702943
1552896681040173194795524529071043
335499076310569715411871691216943
6144138425148610135841558902623929
4540522195658671029320182863451417
7076999485287675030910929864061729
4574034659055663138094113351696373
281441611262759878085229481762211
5057044238879648675049620611167569
3198875047289575035320735264416343
4944949665075369929012419575282701
844744135559437326363303935339989
1766096455885412976001291485129299
7474796585948206282578825469428791
2736766580606162318845105243560551
1095664614959733327089678903190569
4994575308341872761143426358704531
2986669034352002127643788457239383
7163432516976972320295742169179309
1478421001186110960582740956198927
828485027266190446074595472956129
813574668204658470039018708205211
3234757109453973991931927360092613
3874622094556548805282286993888389
6453195190235887209482529218642189
353279265799377304686711083429101
2470707809294918197070325704804789
1223133775249621319599520462737303
1139229691031202050321351384601851
6109430413101460635126555477179567
5736289227613615571619202472530943
3544573362432379592393721044963767
1446396741880715216327650907615731
7348167194602251792390620348826329
1182261354917424445752038874695789
4964243357876584409997367792303457
3998875007464508918699004363866441
4427125444749187157359258212161197
3746972609711022673269344097649957
9058022714581761207201574641786703
2572024337561745818566218244785569
420672054707407074976961569895401
3827679697907051596728946581552847
1228182267644527988948914812526901
3525316543047733264961744106280481
4472505168527401436188344037768963
846723799587348214909444732569811
1554513556683957920413123269755969
985671670644455204821083318205921
6956330550231340815438464741369171
1620593005928379165010004791546079
1692792800672055230230186755336547
3106100631777964548007609747994599
3007214327086531600410616088530073
1067129170056900745584022639684783
538348844614906442763651966777637
4652551824020191356919053909939203
3031247374988476807671226044620269
2921874527805251233932098659248899
3951068843220371331513616047498587
1685794851850399539927657218949107
1071391292830063864209758266430473
1622675281624158349381065136608697
1208773975450224548953017636307463
289322312032921743480486411550271
894982107372718346557565928995359
3721942767446945619805012570180093
3759150654455192409654433770476033
3098312430541702065027217310404907
3494470181650669531037128024111039
8802552799793573621006936606159653
1379753701924174637231637762639899
5148237463576002737250333574116713
2845953864678202393954139692959037
1196114839496060730630575020509931
1750822618886235116740275350132831
1272684810308516868034586415036941
3859166538750651033855217842203447
2318400521750398199661711859617841
1774148824865938398805795929097957
1947971841104639936897764055627333
274076952412032102529824270340091
2520215319329509571953925411455889
2762350586665740273201967901979941
3882331120508091943360905881032303
5470742843143619297642357846778749
1372175774653126049934839257276829
6695111668489014884296534349580691
1179751260255047592527624294564569
2491613726383425261885116475532541
418414525921401111923642755598741
1959699597620160651812361911388517
3001249856565485768232138192107347
987153874081958951608355807833087
1645580327754979016891143106897669
674662348463184407399153851438607
4448396388196090518979485090270389
3123813879193245766751360294455481
1463239232779147180905145602543961
928777775349801026031796744076491
1433603404775302313859009092187751
4340521663346148281268466813890979
227174296379621916743491274320409
4033421035370639905923501500868061
882613632095128615629833179446701
8110501551731709888201939283380463
1937675017993189526753267745527219
1589167519212179121771608233879261
1535263105219498575852084102936521
5007902279228728103617190907850277
7659434171500776082629476207559893
2062802421473429869238980634340403
3291915996981708809988225015605363
1977209746417812178407113646152743
1670054292597050350501006745277439
1513495070083701067430406041570117
2260259161414229415017980064890121
1560488791402281709296893696619661
1684011521719027813290612937070011
4666855073165513836368462667932007
1090117951853179190876388763873931
1929495674222546463911214974350393
3580971688672750184206137080020273
2587380434619203704918384193740517
4348878306752110552766646327467537
1168340303662772031661661936679881
6039693124398791942154714946549729
907561928147498146063409003039581
3304398722181131589965409057500687
1411349483801225161604497760817743
2863156342866780621118812500974483
3784820353757647591238967822400637
340136037971914733989672864927123
1132161052137598329358044956864801
1842793544652307872365214420535559
1438689600957912927626617544495017
4914935361063971702067175049417981
931145579240033584207975223544283
1967060623784520416523473527619923
501635755461469166182888074616123
2973430771693208770231129395508861
7554120498442092366405149961461483
3478227904243045151794798498634243
721508186387805592184483292306097
1128067406890217252186121316971337
2428850085639956143749528893218549
2058297199963740147662646046328233
1058806059856019441223780432166687
1868962161638140749687784266138943
4745975304110390691057729385682167
2180155792687783979236928859324431
2009872560426999855388592657862691
6427589807415160553338900997105503
1869932023927794252805420010369339
694456115350427166056268369255547
1286968760588893748495886826541033
1203746507243592649689761104703159
800086947520750487841929117117351
1937832340751235512539093671405427
2407179023144680965950233108713863
1747466595036396584875047039056003
1454273849906319694861329573238669
1185231109674909047941940244936041
898510304484748136055547513769323
5963371291437509124440388496835279
1163545751412064660544320425110509
1322683659324532209243913160441219
2712415045062092119821586475632757
7162223210580207564043016974435981
508404378868044185400426637025299
1969449652135381701658051447117333
1308680104700041014271015794425711
2508600235437323258824194677532043
426022854820472236166109492047719
1962271464916576560716290467765323
2081001521081409508021851161473991
657196647991277350944752758566143
2404724988958114006139434812150977
7838593712423176180500035950506833
951589518570789195790878026945449
1650558473167611975050409089589481
4497617159535336090492728065651643
5335171285886372363643064066619093
3535547404305044978477545628770483
3374285856788231555467422192771653
4924255965100740820309057629756727
1856214233739092207835255703192049
6221123398722950202694920448572259
2648033023834281404550861486180679
5231165288999139688907843165300767
2788229969434739513094657572861963
1703597632666380342024576121564057
4737035148937495897851303021311539
1375626215163478140995003285865637
2394358962526764009474129200374523
5739759932232624190951765397316889
3281433700866380569906529058637549
3909358065598485166998300951823861
4841727486650655557773615842317947
3891108873989564086975263602904689
1584873629411249512564218224729101
6813948684252394478583199117935859
6258979549349620349050584841235731
849581647891409668694803320452951
4725838945237004368148763819349291
632240617571092852565770154365121
5772386293995416648567897741498639
2995659047047328539397137763152499
905723179819110710995326871390021
953752215489069819211819434250327
2607610365745871001102095802619111
620999224086417490583711346591919
7506056467823384089585627004827261
3424952018861551330513898160823229
1576414329248437152999487111758547
911165183594393122961395340485367
2457168005397863897968974793829861
5234022385539322862024471491883933
1152386836882344564263492822962339
3550143107008316579409376910982281
1291161109221934755455476764881309
6233788547684729502702134571628333
7015751751900748959915147808087477
6782724898289935089065568954962077
3677717609169559498807545991266433
845519080109999719491844930962947
1180792388784959277518837686147531
2822045164246414494572511778786817
579295328328722342389285512888001
3333249485193031367838642933953947
5742176916010167288218084594137753
726978881423287906819231530645781
948500283433513278509096829503209
973130540137064623088052840621391
2684892326718348469444647167978507
4484138678712784348466972214683219
1025568542316675252101720761598797
3051286987922585881125047980104983
6060894542626203790923814676571523
2322781904827181288983509073259509
4730687031688507480476593596381751
5721902202981076828944264165528521
1920633651839879043854232967721533
4620918806283942637128681704559829
8043002014354541122564769037100787
2684518071985908950161621766854637
3396110352919996881361579113897829
5180939268670638668346065555469811
6280383553919220253201140786182299
1655232504274103925210952967553977
5399219772884635038169271069996387
1372310092879198751866321859936651
4691566191158091654005648770951751
4455905788854484291443786995168027
7626497527127064662799860065590553
5688855040910263025459872282674511
906284725519497871406879706696703
907596154047677794266303008943823
1704233349495417871836803309812073
5135987650055380068225175388104349
4697482524450092628622416169162471
1287894247787682071396473719719521
303742676677453586470061117433497
3298551977678353359645294935308037
1212146687939570443074298257343921
5026060147171483349148953814294377
4299503184380981185250759893306889
5970432134475873551483838322585963
3579478525769831487494562238502411
7704799923080854450333769190874091
1224035203323613976956707846675857
1167534110822874380769975225887197
930585581000198359659008331985531
1108721095930500048891027913615939
622062810293302367236653542600873
7007749993556965207866263481592669
883515970246688676778937655839089
802371085560461966727048796528217
394227817687353751035899491613873
3998619931285298056815033892776193
1980442955236292923597007312578667
1869043921575554416504809628023823
1686407528642785417130943205369811
1629238637794972806047490970040827
6632963964574446288903127410288847
1151504179902106077319327346401531
932982413688001233441300234105739
1877394887337137764663497404520779
2317070551482558123950514754414643
1065575484935690213115479773205383
2146534555958307403951413348373267
2496908187336997140352988659057373
2364003287405350301995385828049683
753794833729346754508120628238817
3513703718288344291383607804313471
526826382832029853975067989796287
3224575629718956297310698919754549
1736769479044817543347277951321443
3853098223013559332464200496232143
2043533694331055996159789019645409
1027673903421343818041434535892817
1657821582567636571211174048424839
5188443613841681759752694896444253
1084879983032257625407243196471729
2606986355834954642698477419797477
976683206111942293220569505156611
752708867558659255518377522753123
1819132750491504628099000119400133
662112835459057012389288014318459
4770729642656012847707535530649809
405938734759240736225121064012847
1021547155661976079759266102025969
1674465059502304280629012877084081
6854565367013497293498033656489141
5981015631793529489444650437348163
2384096212163491999532978156377837
629313523478964007195030425565801
4107959869755764919753612651507629
6280493946718590241456826818860883
2146177852801444224209655844020031
3997301267619680473632054785735807
4257282950196682434798206201009803
6916687836022072596188188695081913
2541781431022227402305001424021079
2527214598060572881505413935102997
6667322058137563755611480158650511
4263733812926242711310850388075397
1743643793945497245371940644776297
8421542448745556744846842538716787
3755146982627203498441478213449501
1151711607859296612823360182250093
4006725731345607570323397703349483
1320268919193099301205192347798601
3853949635443373026254354230910321
2325413174218027977016436022152449
920297871276532632982504038284459
5400408264975052301293685346000947
2260659893601312946465025221256839
516205849418539759719184322944327
2063954127645368928809190793452973
1001029811801247111919278288347837
6389784712855231248793694251824581
1308999377925174019197264302001841
9194742465383028600394693082659139
1388146900858393667810783067407771
3562350738208225133617193768142679
376415062490820746750067481601827
7475704220979783339230142876018119
1815149930945907376970951872001521
1199703712895463704037069018516181
2166316023874295351952119818308767
3390561755046119158655588646512741
1987496089568196046321647901632647
2278049426445020608781208856520809
4165328257907778132311799071261297
5468267052045043420793304215270749
8573760891935537036116192460868973
691963942885008307541880953915677
4992051968197612654454882395538651
3547766697656908998817444068422999
1306787196077500344425465385620003
3638611387275542259506106281407751
3777362920079920200243374984697781
2102548596283856808534624665651711
655149314978104552839132554309497
2763346758694062367037470507018123
847620659638140886135483639344253
3425950885999770429639605507354897
4658124325828411866352832493767959
1411523193598632234181485231722801
6662647661752481569717080194241593
898073121667260986075343012295771
2336475938033147471018571556873709
568298631790289758142826689979563
3150689270854744143673800608018383
2732180497814399312325649824192799
4542764224738685117411698628603477
4547011086761747592052217029135403
783723502408388746686388754294989
2348197243953440986325661369298739
410616656359848779446027549016101
5814513802989620970545175926372683
1644521472115534322273613297888217
7985896325890665871477032146323931
1053513203309597031087546239996639
937584763726210690659420865476443
1487121176084161829884841086448611
389090675784244439517024060695353
4524953288085815615502366791182987
2072142520021649645329222126085803
5944293675986183247023259744717571
715352281474278981073330370316247
4482612650756568015654262308551263
3305720038953884488289756432408857
1560643135039301850977331523386449
4060642490713246317050681284617859
1078218715594110583060045948856359
2497435042236182579024609212105661
3130099646442668042134639257985871
1349425202395661871638713873343789
2847507057785889389793333377455603
4535508910184919782900954681782901
1595480611696072849685225835392897
2825399539649205704970485664171227
2243044149354252962400045923863561
3744527910519857729327216952608777
3280110388836937511930235833576297
5847261312015371712980001793312189
2675138771947506954957881616309913
2530585109421994816074814378287773
4142522929217922279805266211278673
1767437487414584755522235478801419
1872686621103604815669591416283511
1287348672420435586123321478623883
4411626747122635308792663530856067
2141659900553421493922616042577769
5883072072264199045693937040907111
378078975858312487454693841286031
2467502023637766946445608096349459
8920054176587003167350064473223363
1854776857636884105784244536440083
1934178495364603858337112802742959
1278688284036778024527799198121117
4015124840777971670694710109131201
2100219936570300191576319611627183
2458823744318308697176176351542063
3612214549077432741188679682187987
1049086492317095063256887306249563
2127786734187305929645582983746359
621559154063090599955128012100503
5915829407826006998856337201639673
5074688953163631414131092266871351
6775771081670984019852507096882401
3791874579710099985316141550971991
2083620113834263848288157324873171
1868435809682652226538414144317843
6530000816677154807334355235584957
4243121735317448094950891028742643
6317289766073637150135354671585377
1889003963112809505661638546030799
6482865148857109069387111955282453
2076144526223682775745929473106571
2715093752599238181227780254001533
2854135615288472493488971561286449
2513899208913904580786518250428513
2540670817024622027225869120189511
3436337194836812230053217786679617
2330898100970660848645968811707917
6854282009576275486860064594438421
5841311380861011635168742474782653
1167653360364657891341063297736173
1119782057585843810038644816032947
1308650569314584812747404766702213
1230202324105668477060537424886407
1289987771969633048679041749593647
221906710346057526684443650457921
732129935201874323008349400896371
6669930684501098905360006210275593
5013041433920190285299038809802829
717905190635020604158960409452609
4162842116373104947329529005481331
757881035858959535392015145325587
1633597157984575921094689325264927
5200031456158964295584100329719417
1433569683326796015424134640859161
4204896635476520688209775501813161
985833589541912482648233544203419
2787390289386671866064016285269377
3642194686053591003444068191501003
3273786502698948228742917744712087
3351883037221016065404671448605783
4249094156106132656342603395763929
5150477116467802089374639552521319
1732128137199914882587666571658443
6983463812899390619094801364654237
4894648068095365616464682563625893
1913982374549023026817803536142131
3046009355910200366444075149871629
822004610008729109114447514492179
7675194588999683902218971217710647
2153077672565704038053054827974041
4024931390783549958349157976449537
2895319745710197447107412946435003
2007539529877315904451870166107679
794276212078299925262167749341389
2536486915497146524310651609884147
736292091346826704851189750861497
1019442493149476427313139330584079
1906328557701173264383787165227997
3875911947960085326096812416831639
3333082566351030080870225301781463
5729096120124188855357014984298503
1387961734330333397757146385609743
2053011964268889893742521816646833
6116854611062103976170276245477921
1174316241934265068631428403507147
9002022124655501296266891649334107
695018344425035784292015531665379
3608743225085010678495020171043829
3350823963543146767292449101017831
8461605718073933632002389962970429
4903259508251411687209745105673569
1481673259799819551556044587420433
