2792067730382944862090331382131005175403
1757203680411400661571738251391012801127
9786801931479646001278475346957288608291
1501015959919235296730527000967143681619
3281627161662430747863452969416737794087
3381791194153682634299855084795643369671
7903784318607219365207669986872505108217
5552624285618308722743066067535074201449
3177195831893579421027062235365618057207
2315758733624930654584992532050548618519
2168984038506652062318017508423555564437
1120034343428779186768564363133012606567
4150014315561708892549552645965980156557
1906275144775326336412383219085264934941
547886091669819824755974786661724591321
3996444457927684190965839165983663551157
225705418431301759649596550962806050791
5213719081665673157607854035817980713059
2689017224348704934147189443341144796099
1430302366138045016159321145478730835767
7366495428344849563220997297381730285421
7002477518266122602015660589606806549383
749639239438595132176125156399638207347
1501778359229130763914087818513199688169
981553926651194151057702272578478975101
1357439577682075443353034454022039240119
588349636079178778519477379810365428859
1672478365451604365255204082438073252741
1112753312658305639846364974613191442601
2031586978596703787132058166724467355069
9768134785928061485111401956906445466527
2671575177380669912115899031932271083437
787332686172549938597560775580918536323
5824382566669564587802145868568345700779
1652537106484779363755453537690884434967
1073052746661420661011778205894201046253
3270649667612037837721556296889197287443
768244017560098059348354600691403706727
2614353356311879848414246304807090147103
1691127018489287163193011414378885194957
564460873846492266038197778693412349367
279839684877608888758672925885766381827
2271145379484708127649579923247577846517
2958535375687880210644581811905501274427
6759423986269407789151990889755131484241
1710804192649198912738209312442482008347
2752759582145243087078959509502597000781
2502927167482714584962754917050077066187
1117546395916679648120269726117986283207
963875528641938699993022163546509285639
1734114772061980591420446094853162538437
1588981980361368993086247472133880164593
4692476769857036969870915405866034912161
1938834654833473531222405576720886592859
2731482879244862919790249355956922495339
1127435916047053933277108349949418425379
4286374471709011659391659443042645505919
3081336704432762615662222211489086973507
1115493568108950648638997475618388272397
2939979707615721443936646775964092439041
3969305694641104772008839357613276663307
313051645362915715739001779532732587299
5754195727269743914894142453653915256891
4009358739001633769872392429275035786691
4947607529547644144177687410713849474967
5044251949677810723421753946548639699817
2019760505700385212549325792925437885699
1400945170376071691385298479535031940389
7083513226047141169212050098687412199077
2642346566567404176202197572019717930601
7588029036590086350943896792087277301731
1376834195838664434225514631720137224211
1475768043686750972011732098585870383363
683366752571148318809814496490640768469
2229369397713641360269786767259904325541
2756336784348388650912158378670066672629
750265567833026473428953237451575799037
4251057385180791220469918864720047641397
5273975079739439715386932552228518145817
1930094353027689930527386954728839491321
6641656927787511983612977150321713216439
5847760266948952123372265474151315625061
1881908173067993931587953244836133933587
4784175749964918806087778041926076170807
5698690607452037209715105610686295057359
4323211807187378066897012537288415640891
1711210571878954665432446327167155092957
2751342617687919476729776311223752280549
267356792715233637292954884238662048589
4978550140508046487377648599465220313261
1326203279204356520832400701531218850287
509728259118047656549502030739657982247
1331841756967457003196093300526780192577
173691384042377212588862311891680382499
3517783003673376221957473446712627730791
725960048758938660665973682275275943533
1017339303116399861223072541022362385111
3696355732043536021378627716527111624083
4145255926403011083650255168937671327597
5864649550020756232156428740290392629263
2897073175322153510382017055629884500019
570681763588562160289078365718134191917
2030345240508630231746672194118319825809
5978783899723245013964627508866357947999
2169971114824771417458406390300158891179
810811182457922585363755409457673113541
7487058399015368421924508111710612851711
7599844531698210612694350818992097491193
3300732780453347394985331026277314654567
1011139548412093211435933557042267923511
415673852146801740014486094794940868061
1435732751678053193797019403158828675167
4304107009696373019070545558097603530349
1071194444366032694059828393065768966251
2045030956040727628141468503773158441799
3706957023986940258960578689967795126339
1010373000240760166052585728060850871349
1703378428191290900400406756940700285197
2887329629040837630408750458081288433889
602826786473370188549464768768754166269
5418529712173285376764301772938195924627
2137826331391160420035862085232882345663
1830667073608637712683056134766043234939
1097997655329539604324066826292612502803
9243771048467373317055172039046831143907
4151410470326671197040399714892342770303
1280201523505315995699900270463490246873
3015767846873384325259272689732119486183
971228455224726996934411530081022331689
1022166996023512522354328451716923064659
5269189114933711080284972113629684569497
4131757307433998330701666532557463398987
6103381495475779237542075666010105923721
1590532828970673255468658057669834063291
5187250380578195478936558149363304958009
1085758016051407700343594653337501867761
4571776367602868578622466752045202375931
6773250495564388272238552847890274641291
3659010297345759585789677469430276698931
3035061891878288456992809591529523279477
4385258340315680830447725081759939433373
300924511924803556713324503747124252343
1705604366458418518372628053665503754961
2982104733102736396574861421039311277913
2601243187596098040720093490409364326909
4248171226823384966969348015123847973039
518567878647325588978017393839044228951
2096366221787944153645353269981233925603
980702546392529901623899461842192034503
132800513512815976649346844953170905679
640070103233607742578686459168933650771
6514971395312142435840733289734312005619
2818788917031205493085834356974006830071
2091685746473168673266594602135374756001
654354837996880824662382854508893752837
866633847183091760399071167285648161653
2616943109062933651397131583471247602701
2668267561630479463980892503519912995089
1110785807770992566751906294322691299919
1450669097232524564180889407203890080801
2503281144359931312974532361530372743197
3056668541083590589812624792082710479251
8083927171010314589517252923216959434941
6843527941719242682316815567276701130361
3657451824225023839400980610683234892683
313307679155977433983484789764750758103
4929927299084135488045537957873551425503
1803927750014589959935182889725243797393
615898485795519580291498444697783823589
1769805710972304353265602090740075819159
448975317206140359416909631336564404759
3524350618741254800214002986711294715123
2936277477210459801579156316691812844737
1276599592588433068508989708223022570907
1257740529279798034172666101455336585493
6458425735517347170206358385068066003383
415303485561204861611442767118475861661
2646548808133407827220534427918076256787
587814111754410898194497700142243564571
675343922836830056716241287063257258457
8204140340652005458200779857096634399813
2299643821888722603755313459690761133317
3351704998768875595007178059602206983773
3574309744095535760570803973892424559179
2048084177316508324218592428848001321907
3198849447321566158735973578584990161161
2618062646222525527399695708694104900689
701768785063795586429471646969707539379
1389610402048676900353659680841464290871
3713382899487772128901818290953714998937
679664410668773504309622708962858479037
2128753904803734678844157244540497368609
2587363532493080985860429097975508445627
3230574066140680757637300134239279171849
4600368258347631034015522535133738457283
1271037851025632337415573862898209771551
4860732459345037356361451397533732623343
5723969619328435105768062927586998134497
3803371483177620516010630645747026128963
9122177308682395117987407354505453337201
2039643887514924563449595201340688050943
5134699351555447290293690758666138743049
4715907687276523917863225364397607867249
3178265685548169051595088729656355225237
4305380473480149764302156731235534704781
1714001345727772580351051075875812909169
5020359571567372556472978270555866978827
1196983882386038238806344978763185172813
5309777736469098645371151330600936460321
1763723568716464767099540581268291215551
4570303919814023660231151407532637323197
2450314621932902820619065415824574356233
2745343625668716724254834424054020695707
2392948112328718812745143031627127294177
1195202655109771879406993198379107659277
4388421561289115220403834675662936465877
1745127103319604524804869970476387024319
3072671116427300729990910260741586679693
1205451137608728663134628329877381900409
3227850537614160764524492724218044359207
2815511697406170261130556447845469907553
2871970296106459269065230959533801894483
6633994890798540983034693993419417409521
1934400910010474637074993317247382917711
3621337997493323037904906630355579849849
1438440286884604665353449874460756781367
6235469473811154751320298673586303989077
2440805390104278227192565659241192744997
2511668863626638532959093986254315790049
1024604720667898019289690694959912499949
1735559967359097238732869806909143912261
5217578631174724875538273584837097839239
4220614825355018256174000671183151998591
3491583193078774578338168162008100234011
3562322625667367819865930082359164261693
2328776051848196609141127871022744251207
2653200811984140027560978922800179627231
876992106162413731596207053241411939533
6028003934557816387413701733500665865707
3182547595858633897493867600842045745393
3345743823964647042987852270475777942177
1735982724287501335954185035810682150499
1888475371687895508063636752674019266121
5649418539927163107583119566621195922653
4628328066629733154691186303083955012779
286750727245435367496739039352933623579
3756317023431817279398071986113496511351
898947449160834239059307389045144186331
1528554404196636266807489577187597391707
3876214301002728596841966162071630198141
5336813626219768960419782074860360022969
3184232947569019574361421320704828312501
2024671464892383299476824313483787317801
4885261716619601016015690641169060187793
2516369922477416758828606569010433015377
1212189440587961446160698889241738181793
8439272452571782682041701901244122106737
4238775666248678656114300020778901454551
4070495323407150097406820550591903379837
316271433231583862705033882922242825461
3927532116782226491192929280940705250439
1730192139708393853964295216706448536697
7174964040166340870285032338084140417759
667512223989916268920176244343162836361
3019500991490261201939195002954821410509
373888732039878524488021900731692516237
2235150410571631277117792576012231507369
8306078696538102627858207913743555025559
6742669690322221982428043281975538941409
1789975136436258070548606576709100671441
1750932433585662504716781720950811612773
1654256761692232880617722083614459924501
230152671602480233618756689775579432601
2239077834280594090405010521936549599053
2638770063225365069093258842128973990897
4840801341233322832569959096651728536601
2252212527585739598383338580286714590553
3077375288190421203935901811026110265709
214070631026841976808418116382590371703
4843326954942812137530524810121205047277
455688585044638023979393191828215638009
766429709107123187431159794216170051023
2114289276523704037121702258150042509351
2016018618588482955677176268943791419343
2309525672071864031128727521940810827679
1737032765309918162831415625054704677771
2818915142566600454014789791030307019231
6597713688805886564438363771587466459671
1216647049231259108320262366968058550929
2903556210102882757656825856748981305243
4285146302541771944952544333011531664273
1315309428886276105303507388574645396967
7941464367165398196490826205984945898123
2691493659948692989879153529262244350551
431201880808590517237391864714069268691
847243551736977353198664444993098666633
997529853307484093437329511630119816653
2245670562066398277394037937879413695081
3558497043729582854301241849100926719083
337597405039120128717633992160411619841
3784662055444670096462709516275668967951
785393494262714827549508467928776115209
2937696153343735483644909810890494986937
1695496183356843830020973244184216914623
403991058119580339603399887332976463101
711750133692907296128373238727089708091
2658303109088828522343407985708644095211
1329686236657659843213072369751593473987
341692480903312268788237001823019939463
1182965844490446908317417328471574417073
5210927037678019459432735579150944850159
6451887784489872573696232186217161534319
1937579986834986320416533767358250155371
713495435151229160800217533067962485089
4392997074371275095571850372705917939171
1869750575426357238838781446722542089981
2929913335299762241070485320803116726997
7732903682026235777685422732795149553353
3111560001008844243555952121978221400447
6172164090892268903073758843987660092913
5524374318300556734210088435061513011001
279228158912922094578646520984020475371
4596252209306682588595328226477547692851
4635642141931503453185576981201620338247
1128521270744027224633870612217325110977
904847068730141154673403951772804662551
537343606350830055354369302160243023503
6212910672063082840921480212262260152243
133606630379431780854832684853612921249
2865248428071840593828797639128992069783
833455953105678117644771990512203669481
5175008206905806117926437616024749413891
539199889510349049881858358165528669997
4343746776926344143789829665184188861779
4572637913233551130636931143392819140699
1678936615426605506223384204846357861763
5943700505380974222097838500613514722963
3095442698126576498535304116761732910769
3130958540158187285975432837279234828401
2081965087567897987820087947606218120443
6957977604762548635927981688632422168307
194321228724371385292842172237160887349
788845844157410501789538666119090499109
560389499834101235513809430451687926533
2465872117540098168794216283446076017581
2788233941964828908173934945959508347583
4655434405091074219252941513748531406291
2115940185760537116190435179088625203121
2712361262007103963827839164828932242791
5742115472674860001411162841367742114207
3044611652089767100119253150468044818669
1341450486178951609235978974116092813107
2984343209355834204237452350841979071393
1061606496806305314217451769559550409779
902873537370313720308230249287158136147
1466624517977604719735303825848766945503
4529482716042058241711740727122732216991
7480715369932625677218048694669205390933
2284285702836480827866104614739464897317
601056169063021445063557620003683799623
3439629871436734124360696129395540029557
826061220799400130076495174790605440523
1318717244472144159689197974889434668441
1670422720242575313389983461262677882259
458311049368531578147265031165049384131
5261301956383147631908658305247234137133
4270344057808777280132506752652774965061
6687703613617222706346688912091484294749
648065608411513057236909245318280880813
970328223705203853086485463897673736997
5121721088893509054499679175372477564707
1112813966396751457833490757026903931861
8939385372472071726133339044695600265413
3456625661505032719344054459028768029289
1531949796110249360014641756746833444459
6628477004863427277262849982712270263987
4676077347396703836812420267304984449753
2808520063118014660737378658568545922071
1198069628878434118081940639218454635303
5361100899260193252427993466094095881219
3561966066961399038883241994332005113317
1608551457394139090757499638486421764187
3366972481019686232567290928971275182743
1823176368544834965698795003090925459659
2222388539623473749219116906056392551261
7032531701220879815489656851512998871599
4002047067295522448820108622328658808241
908078190546669437728058560704024667903
818974353223342241259697971812387243351
927778559702276904222195845200805899991
1419395883422432801965520779917482646079
274321917133466296950173289801200447411
1725575284630259078919479871440020837031
769305376121566453551176708204746620989
934596177415393372942015829478842740357
6779143327675679529950821156179921208711
5389180825743087373686726259088150158091
659793328812547365327462375380323443463
5732878984243300147305144931206804122009
6619151311923587775906415990097606780533
6540818215925226652751605535553552915691
7324335283533081276523633293492588555887
4615705915299023782381685508965188667207
674480749736179268816281931026889822269
872437114814973831611146254872241479639
4433125267169118837200004873094760028593
2124672579424037420922581389900072309333
6171883633741374999758242798917361632769
1056599755776977296739601860150405686099
4504802290069189128821655777500276918467
935278174231913144729251221594360303013
2124758724136951795315429413976226532313
582148285698534867129792089508164432267
1955352614028096957495655847094518468909
2615330343515474900313891466662534883237
675630264903141606376959623673157549163
1563933350246175992695483821188114424217
636763553191278680372957081326985886871
3183504346610415471606592148032095038173
7288579675596951166805509069171564934399
4906019362319687366479054095872044027189
9531293580817070709080680290664574540617
3971208984667247106302585985940584270577
4073487905185361451132329195869371420079
4808593399079573518024611524185501176661
3178681721139496171095638509972766469071
711085895994774238692921667063948448123
4085178068202765960562883380257782582467
3716003318556625123662779256959822947757
5357525946052009028693020981466502436993
1018882718658330515002818427332303152003
2530685017100875178111270764364809849241
553319607892969461456297387035025814937
240959602333165767763514335564550128789
1635276392355432296391840952565398716449
487831512169804489804846053777348237967
8386037504506774223275416645255435072847
3011726003298756367551603315555180981827
2653365570281111851315119890855146324691
4649192192624474813686741899498413132257
4540384812469642706446093511994599929219
754876039247124493001870362969039179959
2650760233410357611595912701168357147543
2042336050533716673106051048038251033771
4602366420951876428727188081218855118933
1012283467566805172952141039454400276161
1164407508292259721091054487714405989973
4596029436857879880586464447912839023069
2928952873370170504690194484410312104177
1635202959819054585958061820296441961733
3869348271507580759789587051304048978919
1682193008774738392563730886670339299687
1518202434841019270422573202052020317973
7212880524986303639208885694212017519449
5125584779481827243204172632290581914683
2271153591774295639472733963431876989111
2884993348134228068053373547774174863069
5347066468286619558872227556009371269493
1651982913409056846522287833747533133363
4159343987236468699559374297686201072853
705664655690514405977589067009191018901
1359860032171449246367119775858698017161
3030082951229581580469020165606581029923
2790172874466569517693732145809919089791
1206030546953510165540055373011300279997
4330508839156927404661507889406979750019
4024717718226691361532873345227581289269
1227894919786669882665578164710742994527
566572474319266621255791446387433290803
3229292112036938763463350931952037720409
1270265832292810542288011352572889063563
2497656568384994139493628101005963623189
1228473464482665038227568431536203228131
3738522561095452745541884774114397517213
3804111745096988858170084594554805582417
2088757725591394534652665554673463530153
1498368697524391019693511690824172113263
3606308106408163402967172085954426252387
524661623323553754928881898593885136877
6778049407554095663847248226231640414319
1503110094398087015469960148611572373713
3008414362360620145958673731850518384621
4511599370286755153675661987317781636263
8452072502791045938557505553965958729261
3667578338104378406871202901242532344231
752340451351993473797597006391853663669
1120266656003443727279705634986808351601
2422608249878403896419036496024632723537
6321932449730865957529157546090725216721
5042579988622374994547488644844885775611
267100842729441966744764765245004147543
2231955988241440697330274703132759500619
4885452733410655479278941270174968358739
1832125996057262736294041545301963633021
1383645838852754228085818649163005240491
3644777881432935700589367462542039274883
7068473897068468334551191934466634566407
4338454756239374228456947024756829707501
2317936980968724423058615310857773740717
3154126084222609113095616953253452646973
1034775698012393650811136408387343299859
2039586556306952064585519626876180574083
2336736128718874202898930344869512188009
1228404713609246348874615780562244765189
2568536720960097132962572274944307491913
6408836414712447989086390252794613243009
3645862221044605756360364284625701375459
1554022465648572332002832229056220421373
8040443635695028365298521545112837017959
1554549061387647047441137555690921354349
2823795131945484767971293998582793575537
884425832898181161778089041833665571507
4702933413136935032535120104540778006443
2499458031755435893644458051691264701471
8573667938812543986349003900347342738589
3966730371224050742524584025502474021833
643677036560466776788547237785957569701
709476035127379988294934895072064877197
2261556414175106733900999417043381629703
3796621098100515116608727838080283029951
1452662897133500256183181363563994766789
1031513755460879502703486989472965374989
9107572339173028686313776229842753987697
691764558682645791193363542893885902099
395675900240468057583833140455587913439
2152469991817272563448791854690232105491
470011843561497497338667764119042704647
2152736061402821420769080663129792594803
927410730691254636197988925462254335089
3081375374941172210774485693383701009767
4067534964572574848911488482236899411277
6228317227690604331460924513220432435663
1341029232324535066290348827263612224907
2434958224229056567380431925602971170289
1161345905418790926867181861137364674389
4414975594803115884820682960458776490769
5597593590932411242077971029818750992717
2509097164195246800133950961260803268703
5354683618751908078756989107485406830993
1711091524654433206624304495274847468117
5304822608501149016948493818660235553243
993575075915771295696953885848211269997
6270702405283333857203012677286187328019
6821137823884740938663850879931720501471
7523941577105445357102152038151078858887
1033150570683970689482273489447356374611
629788049180967409688119054976603898701
506550927978320299681918387280236487869
3155941103848421834838917571860117698769
4503735498743675541746829399507320504867
1200133417332594780425245624631351239207
5378700340681357342018301024382502904419
812298627024713011932908004468866778839
4512844949333304319056875911352326632307
343827824704916780824121746341446049841
729817753227444811062555350515301741071
2822428192689819026093127548629747373381
1731302219047364053534014889755500376121
2008443803717123519536499849429978781601
1946513856944642173904979834507190649371
1318479268389473506145831787781770670901
8318713707038620482291240800052472061639
6299238201731335537193181167668659352921
2762575933534760975899374510146572441387
5119458657807644622759553878552530398541
278564816794518995695662971534015918603
3273246632498213440138352126957854466651
3164607481035301709727190793634219359989
777911028896761674462201956936657324909
1167880855664440318643722240420903364123
2183644569579822410085118723010573078317
4640172669034070655062836213354473431033
1622673275869502156773766593792475768453
537748060660845642912002128387890657253
1874140921470499821537877724844480490801
1891230290568476388083830594231469079643
4638351195454375143578222243599377573167
1099005120549961581546333253346960923847
756205006527796486851662913214998053143
793079490910934207914803958678985567233
1403678600090078029275267501549657423157
3822409603980573333281150507091042237823
1686377951782802380229847809640312520943
3222888044592697127704710051662659804391
4902340244305431455601505149289382953699
727483923745798182458147864152611081407
1056743490184858184747897958267118959241
2662118288602804185902431870510094004887
1286487558869746180937925648190756404323
516381142096755712427941967775225583411
5126476405266586044826116172562932599587
2188435393253059962256590933069177735971
2669865433910453184320795956687848834841
7550516299915239419256666913411655574317
2856544850842406658726581357317870955671
5757578222442635980832257605557278505953
516766279405568130785680757110801686419
6103234122227535628319549025174687665543
6253416461568676514343346174868694997681
9285888781751758324460087280508287006137
1264344451470705440780736466202248672961
4672021203149452254082606773367160965699
490533757503473726623037077755871703521
7932778971240189498648591814546298554411
378619021283580412846313359285049048393
8450147566924351189214461901052345768043
1320647637590559188769573165929218913959
3999880619042496957496313270577170436013
2076285258494217721002793673342227730117
2120058549225362719224299033590539018499
7080166579040258164211296796470981801067
3919333423692291335293485710133370271407
979821116469406175986851642080224657339
3102732377351644134649292686242259851703
6795705028087891886261195136081552838543
1672770147839987983524937711850792350717
1510128406053796671264437834994130284487
533318971632846844288801797177328345337
1137827113767727223326871815863072412447
1107123416686594695104709235267475116397
1078821210340783845451522606455256493801
2753288116014028195715669136468494969927
6135090135817693615527785108394428811929
2515632208404044905705853979020105230159
2598280630847879986792579313811642296359
5594562792021589298181942611247326247943
832934049598609282549035510113350923197
458620740386804948254668514598048614823
931276894257881805341849513804563464989
3129838734544429315774621057676902650613
446185907103150019538944777249769153713
2044360235717244189686644502658959033411
912746673441809085802436701228505334259
4901670144965746382568315508627796507527
2205566922388279810954338578680836231083
1296797291077639693278278541256206844789
2565120383019632787017864494920965867129
3169957190850139558215711717453885275747
202967550791943586511345219425787803421
7334341748557763241357498786278874834283
483992897238582555049926760813594655497
2898950302427016911316747776752884588869
6147894775982708305015971859645744306771
2773899794373221647332153858973145927023
5197913150682893831836282597191286408471
875395357177231693205580779737270242491
1096763534328100049766511787399068315087
7846365580770336142446006774062697442867
2937573949556156307065994638903231148467
546836206632817332251835686672961382289
4764532515962994522763922091584682850201
2379094941045295607593664253451901675909
681600043691837309262890794946546292769
2521667510637521536520986450917064869937
4365378700754921801447017667854923377837
1316663238481995164151307543221235364593
808839775048544395900713415904733763531
6980286253235839428975888852709309577987
7516419690374912791448727184440199808443
6242291753320554599976959249026710853301
3512365205151227687865930529769389497049
3208957365659942036815043637872102063021
1655096994265781145166622729580607337687
1802005972259964320906296178667987516217
4693092113690687678319510492492925876423
700679520048883765149382916239588658543
3329975253459086949089806592069991663283
5634571575174344200650215356298301968081
973494313893705402027098980825871960579
894902127422819795217855735283555836631
6729124751401944988227152152314801092897
1745574302666932791344033579475413549657
641465132385786688071325789805123845423
8419977116182070487899824344569787731713
1375939787397956922989479432822063790507
2825495136174043990524782527226723556281
871914340580267554676555625258434267059
1157301503501074383523593945375048350069
7365469121719930172126064968089988757337
739902704201307313213524931524133284677
584849369455422134346837493933767559139
2354393147909073833040720922160353885381
4277986210886927654458601977191212404843
3529127809848742586485873152944239626623
2027631695468409519101023212942836559751
3640649944170798010697722449799945862917
3045839453278243587449807320511975782429
4817845424634544242397282544045640809467
3071157338243414663257900350949543915651
3840886860168463180027145830699233970783
3669016878846790465183258612521530112083
1210226777797149324232502517286685192833
5095746267321157490422932305323924145837
6866887204466288409132262509915624189971
280002141534672306369263011608326386379
3648483564422160863457360345728256007349
3152610047376427011406910278786590383251
380749464296238254124590373469049470429
692735598104357831105349153458307750109
5310396270806208714441654405583513944007
2979805394120794060368186981795138891553
876380515222510796049011593532038772411
2672451691218075485867228469744917881427
3712775025017698103383302382534664106281
3408393921634905935281186804853277769123
851488565173783711876506305344054439791
1279074143325690211335447663727009195177
214962370524616137903753610405948409917
387811152984569361759585808391056849411
874107770934507045236104245403059752209
5690090775051369680584533161985216671309
3179821678843688169895796177595836777039
2084164006187733572600309779199285657647
2762300281502984243912090553282415561189
3970144563247997517723300741814236362581
1529624603669925170452213372183785910093
788747694986158318380274829336976082559
3003072622058309980495906291757709079759
963624468786952180694570128578959940577
540374922334715759563126050862162953173
3832539410157772292364984290032289547461
1075203611061230440884599105473049842307
713052073797877371292144117735659981511
6446378733047434845094363945192744490611
2218845016204819012450648305689282518957
2023939682659905610606524361029723184679
3264672256417099245699151775322595022183
8887653703908475275027469439454049419577
8022475175391210042134341307386561870067
1728240989803392107269614628677972681637
1728535381327705533367744640721561228739
1300858956445533652948272696489082615151
2519981217393974357806558347885156978391
5883638848733932811764141509710194596971
4216618700074975874385288745764325216891
5446606685526666871470067183444090113551
2804732484157663032558960030683825904703
6372963075056155633489748332909759395413
4251346175877024442854540523639115380261
5951581988805060042283475267175055888099
5713442237368540053096262778761387289491
6047633958918966966401236112633732137739
3270350712719464786093205307710429425789
3480416356263925315537513206729025487377
1293453059333412391999828761751128128663
4729157903250519691947867108157507989023
2061728091633592456189537931252528770211
1985595512549282927892585962555404134553
1301084030808382325288045174219605704059
1355677609534666999215010558024135584377
5491086843054539771674289806391696751943
425461157353547792897769985332499494463
5171761549700553496449687225525061670701
725775522521572684507904181912569193149
3420015787042069359442690980386439145319
2442383595718354044400001784137902542251
3458036411510659181167254346086398864651
1579775630122557962033921656090835539013
1696573156125662205033225109561236254417
1536985575646333464420754856164675650391
1867893193664337559463078321484084158347
2420545542159558129798764123663522390549
2065704462216918210524236798957344772159
658382370619092443969102917881415449119
3363306783026348204308038896033328785177
2194064743420046721946436355154969672153
4812999058609240242547864616185128989753
6077346861170030756641076874798194753297
5896540319950655856802113140546803453349
2675208788307187574033758142829216667087
640863926255114922561919667468438858747
1327421972177666159777146252960792050673
6706692112013484663213077756547282707851
8792038739977068520691302724404302473987
2077750552711086687879569579881061240207
1637065902827844586562749116173233055243
606737785188741161238395502769639284163
2539887119676153387119522058936656147609
3085337678947315380402395474107782632477
1504278712774423990904056762682468493167
1990417300366616037712224018432873743899
589061753068196353030927650153298644391
2335513833114450598375387693890815311229
1078067473687266546450278122791330433661
3713994888125767192968572757540210009019
5699946960189038691051011811605888670173
1364147813267468203734236658960661795271
4101767527244305031323284683472597011921
3919555640145796172133729125080396662493
7632325357060307688070238470699232600431
4237722202473657013902354072925931212399
528154289434271771156524326350829578189
1893015708712582714728342845333447892943
809931703124146763237232609708648010879
823428192755572187887509142385588290691
1545386234951691405156167851378543837451
4232373210068301771809215074721342596911
1967024551122556206614619998303800704049
1619548316644869664274181726922080882899
545055335928044712637095560907975418787
4744305606031287337723702196676766248217
3476282003789147997986929552795115781709
1843883558962474421522458389763500212317
4427201055288194555760612463254663723511
289512073687600144957894626704742109523
2396446399033396347631882699637860401349
3557698971630363599221669015540020792269
1900671152988804967919162703244056712153
7469849228923201084272580648329838548649
8092449734001214723786971946298533452721
1898673205048257176771977174019842492547
916348806413903970479113018142529531347
936743389187033224358674836281888579387
3731529148918554291612035053266165786767
185421240759667157569985509440313592699
742034011947262974555619279048677698441
4374043770402594641037568636265818551221
3735881050416388121420892909868160336929
2088167398387821873518685235246504697539
970151058193422870392846049029160810929
8195001281733266148779551072618663621973
3691510374516126978241773319785512263591
8722950965111936309603543235860787170027
2637611310720401742123650556926023410523
7109613849762371161363264603691086718179
5302706399001289544368409005818725085379
5255261265570065625966863482321892159389
401040660754542847359398784549391535741
5402885790969627478995972727650526667473
3861969741259915772564018254160121062267
2021637486852580612483606864774914367081
2262639712918788342755959117709683807189
4227003239754151428596215947631583103259
1245173600803292199129618007759152277057
576563195137790903568622514455008187283
2702381148721031408251176171095604298673
2005299295809850354914618786919944164929
1396587751164485139123059982866342860957
539387393261405692208883777221158075297
1175684991265784718522213363010802116997
3106325958164516817026472195022822846531
2340938297216809450641917412602214176821
8209028187293217806847803859229164672973
4950086988261968665830123622882905594937
1316755324764788719667716657151864211011
240608850743903876681206226322856886551
6711595078093201008986043618712508900491
1676223007495428589699059920124392718587
1702181234653572299646965573434587569597
1850000276837738253880943379946760942309
6696492048181820376779503108262377075091
3398760012287334702047580578086748006707
5183205904039053122131794077274992009621
1491429299390697730620855391809214399553
3743125208618073287339155256229707154353
7798406726636223532559375148369609438329
1733307784663240782037117201924966349947
1390655819287442771427147846577903699121
481449713488063755914463943751431709929
5715093524523993324023135755119465220367
3244368189733425524435600258325099134873
989133716514028760863479167144594134801
1732360992337280095346330956136491962863
7786581513753604188071587222526296653547
1111621253079501317451213623999832244091
1218336364189694729224521494221347414989
1976514326378363538557931577324244592889
4011299942709779038087151552849081295947
5952698060146651563916531567582036584341
629643457795046597334290589915887411563
5379026846679344626355021086581495263899
311452343966891083762788943699566883001
1456820753444746830759591284411944107251
1117227527462412668352452577039404722099
3889159136157293208682810733181368972323
2668624548519170556897172397201256972527
5563485080678448470334214854556804229837
6290420019137260707738374554107199154831
6036063512825234923293920947591939367837
498710025145963075187236392873019219721
2824697292093548330852175192510308075117
546579951988302322655002809351644173403
1536274387004360779615391163343840210537
542925691470548057813566158742802579399
4999367899257465814514341966127894944363
1052122412450580570841723731198947348437
7119869280099609067851223024147505449373
1144236634753898536034451890710502988019
6933254101823846817349933792742409511651
1088415244822277868879566109077046350911
268192149959020169594848437050722057933
2959677923060074933936476114365000614061
3499499362493993373005764232008157545813
486370005517339864136834708417692217093
1139036715692204688437086294299879061507
3757256022089558151075968984657061055637
4484499318752377891175690862151962547319
1145831884897946101417059987365533759541
5711892072963604927128438091331114924789
1155263905338629333550256987360408779073
2346811216421037548709245914237574162927
1089543725926752289560742474005798254603
612939977875418346595998685237060461491
993665205531594054610247900252789114849
890411048794939203575553077167613000131
1111858629423745888115932869209168449853
1625753618100249417103482603411427215829
5994813695486296292111102922410298604157
2333369565071531730893539428956694379331
1831550411523716653598577113275940758741
2042887810372396988868247712839428091253
4365424109338024589713425154073925843437
7699609214460382877543697870946456309621
8007833260675191709632049575945427083149
7904231110134035056374267348074261894407
2220254857583961312434928671711494016363
4197616737827387744999061264129660117713
2418270425828273094738734257995524502481
1395773171207600625411470732062112596757
1587653025991891955122099192260266092571
3925302380202990887702283566609030098061
1279846934103975203091488802343483675039
5046930906574276728057026474337656777033
5637972063536660731062210226826227284439
1772269040236897105387016022388653057467
1408750500135544744653928219294541703737
711277138682247969496069655908128841831
2297316244999214108019003713591423862197
4228049682808658548573849845306066317989
1274757310938721492172953957181917420541
2718760708699030027609555453561812894001
7039298250341897950457517776717481338123
1670964775538540485500039253731423413467
467083734297932441349333115192058302427
5231608522204218957333731763363929786909
8753691154510705212744903837356673015841
3277940837067764991337852679703753867959
2350259061483426712794612003765704028469
3352937201560276069194134971401409962419
1119043228160301213713260022559956131657
3257877789608341919899510962161052266533
8254651491517702244132723688151909731887
4252209762813821214796645447645327304473
8504764436596664350398222017567034770543
2467164349737409189255581200025472119833
989968684932854305022374995644774952733
4343662679664376790687956233971705048429
5053148681984022308943838842545348525041
4911455175444638845423645523132410078631
1609233585828716444672284708272994982959
1205258930187424247381658539345977151213
3701815210486375444294055408472292559189
1534402526150018385732719001220518208117
2033079144129135907381439805681275958787
3858338382003508123473959472470653180073
2191446929591803761309897546695568831781
431323212405139406272876033757448332881
1502077474427043758590953679418728784891
557096490949666807104698423241626375747
9773922426247376794242870810222109949611
5513571254075393630644936068503511886727
3396087304390370188147859629094906090531
1294448559154022231767722917202710050133
4251604025128312278957756708640759895963
2708091978102863132866376922180902574913
6580514985404655144319581622405626962939
2300896718021525277842425759324788373961
500425195298051472791759624815633995077
2377054932102562169248024153296949006499
2911873501441010505130729772512261072949
1379195041689317416793030532241229814937
3431665380320169047561964769829289593219
1042429528365979156750198679579667815323
6045811078911468273092704957897657182691
1138824597931045760150721708327158787041
6343147373774133245884723684831622647073
766294125062134754873303166786815135149
2162896348772034906808950620805214204433
2429049422641964921056815333240162427073
1548804401322945146528824935525137163269
3855534462535390017100682755691471193881
4639427163426203538659003525328397417729
4141512386552478057849167823572586948829
5127222621018213355542349515495002005657
1627194592960054434341114694728661565723
4128406954410957265388250988379925910987
3289138471685188181437866430681274584963
2236353583230830776158013485802680660829
258056005587480832138191752484376807537
2128838696122340379324192257098227141487
1409755761570519977783978336265383990693
5510728647599206308001435648646687562371
1008625058005911552888311258376817392751
1400505525590548866986720941932394404121
2426793124830164618067209534930341764233
2115805654178310847860938217501141786281
3888465306396064356894691599933821492059
376549446017816656357436349338499466817
4393212760664130762991355866251534797809
2031378309314312868672267926890116534001
