24491048696039
70596500656249
23470389061279
13427700873919
24625210332553
17303167962827
96263869308119
12463508085173
11564663781137
27830046528467
4697323083259
27931921973909
25425678956813
60653149846061
10958634756661
21801223212641
47099495180149
45846810798389
17991818215177
28566063337349
37683425136887
24449140047599
4035505713623
10434528518539
5761918474687
17773309260331
73822090081997
10132363578521
30691232336563
3530114935513
39998710175339
32876139296857
36112350249091
27060559343863
7637151820007
97751751262717
14215202196709
86590405157779
76884969220933
1835097153679
6153377326589
43229184220373
36451565869183
14366172155747
4483222208389
60577810945667
13587841406933
58281048427061
26575253658761
72676959867847
8060647410757
11084098588391
1426234526807
48865417562641
2872759223489
47403555570419
50205654192163
11399366897683
12764173410151
26801916910147
37460167208381
19458619000367
23708781765311
63627125355481
50993577438809
33701660781401
43623449808083
10836143384111
14405352467591
20253827185231
10768618176227
38839398064757
5730389983847
34243686511913
26904670263473
34143692717993
25468004775797
36673622171603
12149995137439
82528876580327
4651773331823
64774149829573
71252480778949
19751478242633
36620116156493
12101973219731
4881357516901
21941190592129
21391509167921
9139968067579
40551411542413
46009780312849
15770999966651
14366462995853
13247511602371
48383809487149
20049386838659
18277105659191
43443804215761
64121613331123
9357183617329
47579731967431
37965433512011
17676877975051
10796590985363
18088579104121
10951696691773
8864560819237
31904976077209
7266585894709
67855300580819
2775445285687
7021174687621
10688346679223
57764247427343
12523782241297
57987261681301
7546084890623
5927571957061
15494851576349
52810625769023
40267293257027
20687615179663
27674506248523
18755398502437
52246055673887
6213599394169
26804471950741
7094476732643
60372564473863
29495454031259
59514859763297
15190315594813
37785169293257
4258266491483
30537127647331
55982614009129
39918938538197
59875664291353
3858823068577
18681810252377
32540166660179
15031215034021
27928069596521
13383355067039
15107898843143
13089074903759
52376973791741
16625304140441
13082429430113
15690196508869
40043781026057
23195530076963
3096978557357
58357102023667
9035513819897
11484105312791
8073233149537
33426754442509
16776561767099
13357558608931
6542695983631
30255836674163
5526576688249
38145580776769
58317853623859
10731726788291
4091848388753
34882080460811
3265607279377
29787830589709
9813802091231
30735042889849
32024974574507
64901060952367
42257295225811
31511016746687
7343885292641
22660964187859
26021269248629
10402533503209
26884799321117
40290609560231
6906860478781
18667642939727
17142510081097
7897857223519
46953630297253
24324005894953
23342518357097
4511096557973
38624197957733
16143220011923
63256373786719
42276617860063
7496251335319
34991761481447
8144447263583
67841905352027
22122985029179
15019672091141
41007759043219
10780662039577
55544468423251
25023351040313
80737712294153
63933380735557
1884715198361
18909673813601
73102438405957
13574289705079
35445823393303
36496653382471
14147898947153
44125116256987
57121076876837
16867398489841
22951187375117
68642705917789
41957591665333
11156338150651
43981181231927
43649041629769
54436919966411
10862765834059
20390828156893
43720527404413
23930281501829
66756613239713
17264386471883
15213786550321
23480234563943
44721328648079
4343641920617
55497548838449
38133027403661
8885791810523
8587605934697
30885850569479
55098602682919
8860320908039
56279618251921
24712980636919
61647341740109
28207160187653
21958041632981
16858439376577
9126358389983
14817237081319
20751416124421
70102936366681
42226450583899
9771513620111
27344064793403
14934209472167
19275545029879
56362355074643
17735045735909
20311079774873
16264322870507
17010654347131
12133724578559
33801644616881
16652482967849
23380978674503
9059181944081
24679242231877
10484421479111
1902639979283
55343153784673
23719209220823
44173322501611
10335068143601
48361696349423
64463971819447
61523863152721
28375972859033
32427280320707
41766209966071
11670946021013
42982450724431
22793067325573
10259823968117
54479806295483
49547855316263
3866628937307
35925164069833
35456972763437
49764596920583
4334759942713
13483275995353
6125429916811
27137135888099
10727190170233
4190289965087
40843673721913
12760598859067
14195911523581
22176262186763
4554497680657
10540761538639
70122935097491
17759653468883
10096290053111
87449936753783
11400932125717
65972201201519
23328479327753
13504839911207
13564441251019
66423116513219
67678808889803
50783749181147
19919825152637
50319318856721
13697407480739
23667830968861
29219738614259
6856690059431
41293374579707
38613760148191
11905259719949
20440377314983
61192490806747
3546205944881
40370218274107
31992017310577
12056322870509
10815021958849
34393307282039
14596838479963
44335900833929
15873373302653
4572858788951
16380687015683
28777718417101
10025166451687
13102967526767
20784278317093
13432933579679
13417194630317
25274773597949
39866838584009
26785282812199
85248422211787
27937829508307
46144029049073
41029243131299
21778925572321
31088054594567
20076123497641
76511121146587
31575506120239
62277337022321
13033629964913
53072075237693
16024521891071
14847915907459
8045336310499
36857757969763
53502772555811
6694997749399
22273869786229
46040441530609
15949546740473
22541935439911
46253382874471
10518879065977
15474590683297
3432539590783
23513477141741
8277461318387
7794646143601
20651075150581
18070717830773
64090709574377
22593948624437
40461403105681
12792862112963
86150810014153
13860045715121
60522696603139
28456373902147
22126285400327
36495818463497
6575160772331
26062241423087
70567384044307
15972241764373
5219796029237
10899825873823
21641903889329
25390013304779
6345711526537
36510476537839
76617910056383
9157720805543
9515438040761
30372145522681
8275719595789
17609994272111
55331014332059
21161310027037
33050319704797
18581710596013
31229652303569
35779350357089
34324064163397
49997207231017
7267339877297
24170416077317
43496935036039
14696643932753
41927905678361
57988684719617
21844077829829
10713141055559
57705488560051
23430410767087
48077978932411
6825218807413
70934300650817
5703038743459
12297200900519
7550173399297
7289316333487
53144626276013
16037386594259
85121976041987
9751615794587
10227399783851
15632813403671
71889894608747
27060637365467
37319358135019
60119464162391
12530175735313
31813129234241
76811701215749
37156472136479
38208947248313
27463545993901
37215805318099
37538186330299
28658396937337
6284809347767
58490332711799
11753062769363
40715052398221
18060915447721
7371247815301
67837778714561
35917061021489
39392469710653
46133673258293
36002349229069
65799325152191
27965837385583
19181934027313
13271528002489
2076530864453
43366781663731
1745558072903
13719952485077
13711381971647
5690804706529
4513745076871
5591033899939
32858519381273
33431178013109
44623235006783
21111138038759
5849724279209
17014586401331
15577497422611
20827291034713
24734976346987
28689907690853
23250930083141
7198525457087
21546190924889
6591116602439
20566057128161
8443635622369
14931329085511
10627626744767
16838674853513
17357451511781
22790275805659
22326842593603
33142966414121
54512164850729
8090868046649
50996929963741
77668473384023
36080776861193
18164472733441
32132025808787
34662222958411
30189549568411
34620086970929
58575683937377
35737299551417
91021332343141
39707260097279
7517308767439
16216881912221
14483555332333
57499732974077
4415319353531
36080132720057
5056476710771
12935123409323
19634080490279
23468387164457
24791034833879
3808261772221
17850084206023
7459429364867
22221581540443
30986114265163
26680505698949
18120031592471
15324089784701
35928745471673
31139249733667
6849285550279
30832318261847
69365846119861
16449073963919
23735717634757
13664404738909
49288213311707
11566886021363
15103232147249
35353142539867
6794250953443
9526296274267
41289017197691
35644904626489
32314398569351
81563508766483
40057244906869
36796261249273
28671391950743
18125820880319
12522855963047
47094711682817
19031474778419
18714593773523
25498036811867
9186835032433
18979957478267
15881247468587
10477746523081
29861158071161
18169143934307
16011268691273
1658237580091
8248031784353
58055863549883
65932411826011
27812725780447
27131931195793
21140870346979
13344690951773
7763577797029
5603549536877
29764268700521
12645128183189
33394735067437
40811124147271
31211065458359
16691903389519
70260805633703
24076818590263
18881173766071
42710867062273
23373450400357
15536368713407
22826479945471
8004314246939
16974940533149
8646077398727
33911300056397
52400038183373
78378586623881
77387463872527
16091197782893
23392397764033
14296427831123
87615430536521
13665555660947
18255507281717
67297320015223
13101416098457
74065186614883
83836574420777
18206184652361
61895157513971
4801106626621
13122601515923
11820361641773
29045482732159
14795900156267
68885746283113
39573950714429
25548020111371
24422459785151
14090245473793
5020724020657
42447215014801
31993854505421
25632434257069
27688314906977
29265549532039
3404089936699
48624528432349
24190912894957
10434833056363
3118340078281
10606390123787
10221814423237
44794146210899
48662044807891
38306750333879
71408375617867
11679931410353
67230109972607
27886912997639
18925040317819
45956564634283
75071762204951
79737017805311
51775784394221
25232561423213
53249076515729
43006228452119
36424401150607
19324905687421
16247969742041
70480210767587
31366203742439
40224826623959
41728857365543
8272460643289
33116848822193
66364413225991
16839563794919
40818675248177
55464475910953
56331888850291
32514362132957
49878010350643
23719853921677
41892967943017
54050805653063
42496180627297
18539720202221
19569642528991
18390416913131
45425552755111
14438329616167
61806611028623
8311961684137
12179339986123
13942379873311
26670258343129
2678063813387
47543804498633
52410792095309
67298508816541
12360786278539
6717033942821
30354911622641
17532981927289
30641141161567
21086377333991
1541971465477
53987712884561
46661310174023
61166027656247
9245602575337
10942889202617
73784430939137
66310974052769
49776656076827
8806446707057
34900891064801
29005337288833
17657608641479
59228131226707
15131599687727
86997637389073
87101574764453
20650618058893
23715597975301
63076659038957
9361599453103
33549905168999
49538172792209
24558243313589
36500958682541
4510799035487
32733167384303
44883683485801
13281900019963
17392451480861
11020504698473
4868775972773
51540480555019
32440597840933
24778778788213
32953051231157
19842594125087
89692365679339
50396684164877
22141738997327
7889664644231
5405302551679
12985934490811
4523377086919
26555362058273
70128488175953
2973128281313
34769327644349
16700392545773
64061500216729
3411499879079
59100780478169
2888124292993
32508455610203
20247386241773
13697010231799
83017411915927
11420811883379
40412992262663
66338353768651
22077006631637
36278929984393
42028922256487
80619089266643
64934425909543
18020063795207
21569168335399
53926838048011
18001516713451
28749621893431
40958010795893
5410230462781
24035408360759
11888358498439
52827492092857
13665488748487
40685047139599
33389200936249
12281435930453
44278763767913
29840257288117
43771585060387
35853900004289
30409348190231
78783082702111
9185092944719
48435532846903
28413072614309
49158747019157
41882880770477
85128285952001
27201613967557
1619425806403
34703371059089
40038992452549
49118774917577
35474108163511
8630953732853
31883553062143
12862333587707
9028895245087
16496833135877
36070044787487
8022827882347
66468876232859
12538124993323
55580429133571
49219058021437
36488390243021
30306018538963
9399569132567
26231588198947
6556052542849
21712654702159
31403968615567
15961600191127
3456561967169
75057494330477
41092886457059
44188104792971
9398377082327
21049622960543
18182296924357
88584078175547
23985345573517
65328411890899
62121366654077
48422033878417
6257700429371
10672830204061
39411000999131
49175311737527
43000205812699
26782414948351
23678238493433
22652683732291
45094395497387
8957472275293
53340909441719
8986005926299
8604125195843
55819671894331
60523725639989
30274242690077
11128663987099
49333458289529
7482957194777
22609617062677
69005840957219
71861263334849
14373093565009
11693604823169
26851450819307
16467985686961
25705689195371
12398033599603
10664949301483
13435818478213
30175728813569
45967795795457
38575293852187
31251752739929
12558796454383
24943385401631
36191288048687
5571389535617
61441189480663
6051008555717
74396302924373
48345099697967
45875158633189
46853724027947
33604947289883
12899599576333
18775118786087
59471680433383
25279302116839
13141198844161
9606044860051
9555157072189
8694432896459
63839155487663
62551100323199
10022550357073
64033527620383
54159625941821
14544971798453
10928472951131
9929634056723
22499581632287
35349254427973
49006661787073
35979393702617
11309083995877
53443886277577
14424804828067
56638060083541
55237811549449
59962129263089
61059886655407
32795259533117
55700956780991
13398220245941
2231554328501
52345636031069
30143406858977
29030462454979
23920918606309
72342188197663
23483488272443
21369758893807
8437291930411
12912152832023
15088588232239
3391146406889
18988644036211
9431859183847
24507207609527
24765860112131
12335504432221
14195353614527
36023619985673
43004018190583
12773749922113
26782066938527
28994585872519
24961743049843
28425728945987
36119869695529
67096707850763
4869236765447
23044318869907
12783100866559
46822160008763
4765760583097
46837998720973
19060760282171
12462187836701
11067863546459
9285224279081
66807470971123
11467614570899
45586411453841
20935923054947
29754966823861
22825391602763
37347742429381
75405978085621
26589653537047
17884171247407
9000687998509
90486808647491
63206114364821
64705098326471
52892937692591
15561355420979
14183333199367
20376069352927
13911734568331
68734975283981
26848663473763
68434486380509
36629251613137
35693380961761
87662053555981
30209765219839
7576120069099
5206562212067
41236447088813
1780539538403
8506434268127
41736190750883
7247395506983
36710791337771
13273459995307
62956456781177
14893469446693
2847873460049
45526407149381
17123942724359
11911353382519
13255712603953
23796121416523
7917931598623
32821654069123
38318682919481
38280414601501
13637237426359
17022195616031
63494466006551
31542619571263
8855477569093
13274893537901
8231067780589
6705093929129
2565387149231
32159446377869
59650839066613
20492620575151
29324963878447
11355961865887
68409964858133
21962143698829
15765075162623
48733311983309
30782693871331
21442904970209
26662453729297
51377615371367
15946096376939
56690774218007
60222874017893
32036663490571
14670400433977
53034291214057
6037802136253
54433191744247
10809567496859
11855112749003
11899247882647
43677527237651
9638645116363
