8097619
12784103
17813153
5243347
17991289
17571137
7360037
37158697
26574631
42312527
33928133
39375901
13863847
25281491
5894341
8078869
12799117
23941693
21312689
5372911
25337857
35704619
3064253
70016341
13538101
33805501
23892079
25937683
5585207
11652271
29960461
9931483
45515303
42660353
25359457
19070563
22126781
14519033
17649889
18915563
2539057
63701749
18992819
18731003
37380919
14308387
18866303
4166471
12398365
19236319
20248721
71601877
67767731
47608567
64481281
2325949
63146113
9868349
54550801
38612881
15090937
47342539
8278117
2517883
9316381
5477609
13368427
71442719
34207759
39437833
12703687
12022051
62746219
36792367
6501347
36207371
10030961
42978077
18642733
12700619
6236257
61698139
12429041
17919569
38737393
18233309
23092469
30550627
12015539
5777027
47037773
23872577
71676419
76281497
3046697
6166627
19912603
16092113
14294647
13811869
87775661
10173677
12973963
38112947
33202171
21954641
5644403
32396783
44680919
30381509
61283809
39127111
54293483
27843889
3363439
6212027
70879561
24015571
80405287
18663949
30150649
10681613
16047403
50578217
43658203
37320343
11886319
31037983
23267891
13599407
26527807
17443873
22873237
2130677
42632377
35611679
4378051
27194443
36800947
17252281
37212913
40509401
7293647
25163431
88659031
62336987
28691293
17772829
45406623
17134619
60914831
63839371
68633333
25463719
61752949
70689433
7398221
50883379
37350839
57978407
26252311
9554053
24122141
6868567
79090883
25379923
1967059
7508873
33743581
3006103
56596571
68199959
9553477
24208229
80940829
29196287
21999217
55183133
20364833
6253651
30890117
18080089
9338587
5163689
10050629
11428513
21020291
8997679
15061591
3760259
87000049
44062373
10352003
35806231
87500549
6240643
26145103
35483941
38168261
6300949
18660217
4427783
11625661
17831119
27487429
40046179
12026099
17405903
13305011
17553751
20451499
3612997
30876763
32657129
20879549
4876273
37136837
14431853
52895501
53242391
50553521
17331001
9425243
10424023
9633359
27097373
44736721
60753619
68991599
14033707
46487897
2543689
35645039
81289891
3744847
81027977
56801557
20654741
66128353
24741631
70560143
65926331
10770517
7245193
11471249
10539401
20017363
40764421
4017613
21105829
24074287
7894459
3059101
5388659
17737777
38674499
43067539
15810841
4167343
19016737
17936543
23582849
27531863
78416119
35651981
14627707
11136799
1513063
63781999
7500187
1439831
7301171
10472519
16936987
32428549
21950609
27462781
48089263
28010761
5194463
6167389
9160199
32565629
36631927
9638141
11975903
31559237
3245863
3448217
16444397
53395967
1990861
23961923
63791129
27816883
47676469
5045767
17082673
21312359
90990217
54896489
67245239
35914367
51038699
33246131
19205651
97198117
8382733
26190821
12615719
16817833
8369507
9860863
11804419
16042003
51106399
28395637
16886927
31690181
17734601
45892213
4808201
15303443
15708131
26568491
29058703
62437883
73646191
11701463
8476339
17316113
45214789
20439469
23436529
12009029
25424953
9679499
34949377
38829101
25643143
23403409
22956449
64094909
52824817
30814477
9087151
56914373
6264967
35056507
33306083
62149309
59640109
22129963
11835431
74585669
5011703
59558669
32454181
43940219
11131619
8671081
51411469
6874009
11580067
36981403
11462273
3949769
3836897
13928107
14915723
44372441
44778961
19815071
9109273
25165991
37808999
32874529
41077591
48751799
43435787
4313951
68904463
6342859
45824059
47832563
15454613
22020199
8298701
3754351
53304893
21263581
74791531
10539757
12176057
54833657
12296327
54100661
23651059
6302111
65331059
9022639
14593147
63448313
5340911
60440873
29420539
17820059
24662503
47875733
20791117
35474177
67691443
11890147
32532421
3859043
9009461
12248773
11585531
80298077
5380357
10563841
17383183
14640569
61798501
32778913
4307683
23094479
27296161
74588669
28941527
4425037
43805653
24971563
10212247
24937771
17767759
8674319
24597217
44512163
16472243
83340853
37138873
38758063
7153613
14682331
15117017
39225133
24033701
7620713
46987987
45093017
51176003
14822233
24633821
10520863
15446129
36789131
21774223
23982667
30288001
6258257
24044227
6485639
8633791
20337257
23206423
40379249
12020971
2815909
12346381
19765063
5671051
19171573
8741189
27318419
3053597
17284913
9660169
33527093
9519739
17748881
12499973
29432731
11793157
34509619
3383057
39813511
11332667
9001661
38403103
57537433
21866309
5518679
51933797
35914741
12617897
89119073
53124887
66271063
14512087
85486307
29759159
14438617
6671393
23713979
5890943
32401493
14464159
70650221
11473783
47379757
3561737
14173403
5341643
89908243
27587113
13689917
17849107
4165309
14250391
50610899
17645783
27347179
16620029
6341047
31264997
36325819
5751601
70512769
28589479
7613477
29786671
8361401
11202683
8002537
6371609
31514803
21094121
60258791
21151003
78378197
62504839
6576989
7197787
36040661
5879563
1838887
30682471
17822251
19643417
3378139
9118159
57700529
23059129
26602703
14563277
44539259
4471087
15727927
85949449
10942489
19393009
32123621
14170747
34617799
18776929
60894839
12587639
13672849
53012357
13841053
9088063
2194957
5152817
3882677
12909269
64627919
18294173
2921333
14795353
9885581
4740967
30538513
15883529
18880859
28614013
34584397
12906373
4214461
30428989
8849311
11721361
7112869
11356393
57230561
5324537
72615677
49427849
36967603
89271187
80298077
54983023
18980609
56329067
14490779
26377493
29668109
10454173
6517697
9002687
8164153
15067043
43791383
14252839
16735717
7923901
48899933
35422661
29399429
24979453
38535589
23252023
10562545
91023679
24844613
26788121
63534979
35193877
16278167
61266091
3653627
10151699
11944831
83792689
23517203
54451769
9998783
64811251
28857251
26376643
32479459
40653377
44374069
9699847
24479953
34047023
6796793
11421373
22130399
7169839
9330271
2782583
36817163
41735383
50633129
59287703
10473679
33879697
12248161
2963119
27896831
76805621
2353789
22419253
50439583
57061553
42071069
32937571
24002441
77759959
32003089
26144647
2072233
17035703
42451217
26420539
42063277
7948243
72029999
6895219
13110203
49974209
7483753
30533507
31189273
14581397
30769979
44546651
47227841
32502377
31280993
11204693
6292729
26824129
18147139
45424219
18951679
32936611
46991479
41439287
12999227
39310951
64729807
31272767
7373963
19834307
21124399
68337979
9325007
56508797
8513779
25031651
40312757
33766177
43320283
11409407
27675763
10301303
14445527
5357819
7508723
23679779
26168777
25226599
7842971
8478473
19529381
66008179
14681431
33564787
23803921
23342461
74747971
38481349
11984747
18798947
5841137
23269783
7762613
10503737
26464681
8791973
20909243
28250983
13956673
12520813
40157473
6381107
33757673
25494499
20461801
31836599
35116457
47051119
16182269
61436527
11043961
5258843
87120307
8936359
23094301
64960999
39194209
5340623
20773211
56868457
40800217
1802377
4112737
6553103
9783623
8850851
24203693
11100571
29628097
66807149
9126731
23645383
40000229
9554551
42491707
19615669
39190163
18637187
31072721
7872169
43257859
11253001
13578637
28030027
25743847
57076049
86057017
64978367
13527139
4213267
18076453
11824573
5294941
7590131
2325373
20159743
11029813
14843791
65364973
15068701
31635907
62735303
31763791
16423661
14489131
54704029
48761347
37525729
2773427
81741619
30314797
27756007
13674041
15032431
43608031
21657323
4322333
73553399
62345263
7455967
72970553
11930411
12652127
3795689
35024519
51575567
30451387
28674337
7418329
54125111
56571023
29794367
5622307
38794913
23092697
7556407
9218707
11790179
7722019
10177567
17749651
24133471
17237599
23819093
5313289
41893123
25491833
10478969
94999109
49532669
11711989
51673093
56597201
52495153
3751997
65791721
36876223
32662909
14487661
2583263
26217931
69881093
31291691
45170159
8718079
6295843
9254081
28809889
34315607
33530111
15697973
20607823
57805361
48467131
42251723
10171393
41476009
82108259
32841439
41314409
8448491
30358927
18322009
2492309
19807031
14213753
57488573
62321537
44111689
37252829
45189223
68775797
14699263
32385653
18099139
28273093
19295851
12368959
81261253
45271301
11010121
34180681
6884071
11034197
11826427
9577639
2904199
37848269
10465837
24105043
29771941
41475883
8486237
32565989
3381247
23473001
65255077
32610397
10261567
22265611
7589069
20402911
8320243
17395379
28908743
58332803
24094583
13301363
36935653
72342961
32343803
13353341
35591993
59014799
31064807
60834899
29544937
8227151
49228757
16947433
75472967
9063853
8330681
4327601
91951459
14874973
91866743
19203347
21884683
18846097
31006889
11399753
3664619
13649909
3334757
3699979
9054917
29677031
22001471
10490959
60434749
58229363
36909151
28276379
13931321
30967019
2342281
47895989
25257889
21577123
54742007
5951653
32123621
5496929
26606609
5004691
68051573
35106931
1957687
2434301
1765199
74593999
6045239
19604287
66790429
3295837
49641491
20528861
10586573
23470949
28848583
11761271
10192697
13751719
