4621186309
3155001371
1068025913
2707318739
1708076011
824608327
2381368039
4422594409
1720647121
6834145529
1167532607
3651500821
1387440953
5642247833
2627379977
1080615559
382799227
4745087003
6054395329
1957327159
2551901753
6151774859
4950067799
5501156173
223995713
491721409
6610672417
4282772551
692933429
1443461651
507156011
1344077431
3008536967
2682371663
5145484781
1555734083
4246046159
5011982669
718348919
4073914549
2540601911
4972116829
3927175717
5603255167
709383329
7599532469
2789151161
3491206127
5094042211
1188404467
3329732071
681675593
5298118673
970960799
1564918871
1949153659
1446349843
2956271183
3116132309
4096980383
4298391407
3052489469
465451241
1188933901
2332828439
4080965641
6423665173
4110869237
2539094273
5344793609
1034654029
756222583
1701910897
469862053
6286816651
4353593009
1429802917
2930991191
4796883577
809553421
2125257529
379099901
1116330613
2071232939
1982285477
5837819311
594866957
6214213657
8163388613
7462713551
881656429
2498735339
1651315049
6877699229
2520639607
1623749191
926956223
5724051863
4795089049
1193504497
3711617347
5876940743
8878093297
4340922661
7339644119
667420631
3589096183
1114976249
261016969
7990754803
3856243219
1096488577
5024602243
2581792511
1007940391
863756879
4421374493
7980411113
5383353197
1298876339
527010527
3587462597
1283055017
2618279113
5937297307
6446857733
489889831
3524353981
2194823431
4348035061
946924861
747948757
4501969357
7770007043
1383787333
1640832059
4089022831
1354556363
820703249
4882255481
537737527
5584496809
1116002653
4145819857
785544631
1600235797
6239464373
2051090807
3390024523
3263722513
2100403369
894283609
3701410061
529417351
1018002983
7034785561
4576706059
2409110423
598323097
3526951723
1332763463
6726406417
1334689423
1229266861
3294917783
6524324321
1069625449
3742064129
742700003
2450125043
2507161219
525435527
1404799889
978516499
253550327
7639816319
1951906889
2835939401
769387831
347476021
1848108151
382879163
5198887943
2924045897
1066125469
387262223
340059949
3198409133
1053114563
2954861263
2758831979
1320003803
3110064469
5824756243
3929675149
1815190159
1264355173
3055517519
7448093321
4180069183
2063933549
2036372549
2043123133
5084638529
1182630671
1443233723
2027200073
2620632023
5321117819
388826437
1462280429
1033780637
3572770571
4402985549
8130777227
5517057661
4780316881
4495317139
2915815801
2112913771
6198879761
1993283363
5117872391
4049938511
2040589283
2383777007
3716122433
2132778223
1101715819
2056275679
581669303
2318937787
3900201463
3388912847
454459763
179704307
1001120179
617925857
2387941487
1661857727
1719833233
1618142249
1402314811
4910859469
886157497
5452332881
4062804971
2583803489
3133413331
4822472167
1743706273
3610287649
4548723577
1759592999
3753796559
421037779
1342722853
877099469
1834247021
2288721293
1607515111
4522101119
5780634329
5036916377
3863967577
3510000349
3964208357
2495725157
5618160109
2225743463
8268915799
2613756767
4962968509
1885066181
904564697
1956791101
895179473
419043431
1474749149
3212903609
8364379817
1297466867
3756090593
1188846881
3368091887
1761003703
1590352999
4675293431
4802831101
1854779009
2575922291
5007718531
841649863
1496277983
3813460649
5157695903
5402389051
4893283873
1128558539
2069140391
2189694251
1010445551
2098525139
2753769059
7743195391
1165703731
3045357361
1279489297
784280113
431629699
894665897
1392742649
5340360881
678681989
2124634909
5556568207
5326863653
366288887
380761333
1827931507
3975398221
686629789
5294932271
881992781
3480623569
7288601519
5775581993
4317520511
5382645923
6599377751
3169641263
4047993283
6579083683
2449035209
4158733961
2178825289
613829521
7959884921
8670982381
792791003
1976500501
1331274619
1773413881
7440277391
3635064997
2393375681
1711043909
4850559829
1894985497
850573049
4743046573
545382557
1232388743
1828718189
2291021521
7919362103
2695468057
1511612191
487257151
780356747
542412463
210827849
1485105007
1102819727
928081313
6107068897
3679964081
5342707949
1926128051
795677303
1463812799
1290747401
4744284511
1726064569
2231271103
2464732433
2378314439
1923188233
2279631811
2643051043
1583584631
4747404973
6003795559
2960015251
8970365501
3101791147
7144404977
2281895059
1999954133
5880553919
631877683
3378948347
7844027281
752651789
3389436703
5564388007
299948437
4176176371
4615773161
545130127
3960751049
549392773
583544389
2783879971
327721327
492618083
2510114647
1828301843
4273935091
2427796963
2156610901
6865967971
1287991997
3112101491
2859486349
748598387
5558088461
833065907
596274109
4025249117
4191223193
5316503239
4227230173
2723048089
2218780849
6335063509
1822728199
1579254889
6410532263
1197904271
8628948319
1826707657
898946717
1491590447
2750656067
852905951
1370126801
401782673
1520073419
1461420871
1150016447
2097157679
6622879027
625190639
577499869
3714509321
1070764663
611616911
781074467
1441374013
1937322437
1589021713
986584237
1339169371
1218942139
3582883699
691943953
7244747267
2559714041
714976069
445739233
3528106027
2795415289
1590574261
2181795563
1108436627
1330563391
430621999
5219693653
3405648511
5716416631
3173334949
5474142923
1002200489
3612705167
1172807213
7587712943
1503075787
3866210671
1794448969
4197854161
3545067319
4771190789
6275761859
1185832639
2699290939
4997392999
917537723
2526154921
3984428803
2418589013
1198290937
4088970143
3018483301
8486425537
2204828183
1136578133
1870230227
6669847391
3553153213
866858813
1782188117
1035969331
1605015749
6229535563
1572144391
8140387601
1416663889
1004713771
1593219841
3058787443
3047327317
3523720241
6297902519
8005515451
274345363
5376510413
1979640823
7513919423
1216932623
1335707671
1421870363
1651997573
587927719
1360795649
650971039
6428118797
9764237761
1982687053
1904180951
3128480153
1669386583
1308063191
654011803
440771719
145731941
6773323519
4403284429
1662194701
835779479
1487557079
2978483393
2968414447
3349216919
6391413293
6668711411
6614768723
2564828503
8175093397
1565242681
3287277823
2747217761
919512247
782335157
1063289713
1963575409
1285782439
1883466311
7918375327
2621073113
736260929
951753359
2749243501
6738873793
1288919543
1943754133
2694254041
1045148399
1874695777
1506443249
711794621
5668341607
2292769769
4859311319
272661937
2588889617
582427103
550143773
8798393713
3256849439
5668346477
905863661
1319053693
1915692679
6116394799
523015643
9060157979
1958118299
2389479787
1825880431
8207356583
961820933
7872870557
1767414097
735804703
620856311
3152805521
3230852203
3662457467
1047128417
2870740753
5766388427
2566393597
5328790877
2399150737
2212394711
949783397
3653001413
545258513
1448809151
1061559311
4483102457
3259927919
3930458249
1993380127
4308285097
1024145107
799009481
2194255519
2327826593
2737333913
4076604137
1445429353
3718753061
2891360551
6751317539
3761275267
1397418733
6005934629
1653642301
1049922611
6570591901
1456001999
3331310063
248062211
3839046229
3005204647
3593388443
2169767087
2600563547
1945319377
815080547
1339186111
3800026183
4727523233
1980688981
1753685873
1929631439
1663973903
2429442427
1569281533
3444081577
655799281
4242267371
696479549
749885707
2703210673
303813787
2020262347
4674501281
2950662343
2096454131
836575907
2000153329
1117480109
4463772919
4459701209
3199473467
1364636671
7137349963
6225864023
3629018251
4675975597
2993895031
645175613
5792390677
1622530487
2872851901
4489051249
4111473731
7749802891
1700206301
833808683
1649643133
3985889813
2414902969
2616189929
5895262001
1851962419
1984500361
7308827749
1026328001
1649297173
3075768497
5094745009
4173885829
2922750253
3696135887
944406643
1636615699
513640969
5348974781
502528333
1882418827
1783659439
1112582327
983602343
4408245497
1729945337
3559538789
471230303
4807933349
2252966711
708504917
4413194453
1777216439
708682459
2252985281
2184755327
940913503
805745183
6633182669
5273115073
8583061429
9177120643
5383021703
583838617
2922148913
1249448923
193758833
847408099
1136123117
1609622383
834734003
1130294777
566479651
4235399299
276404407
2235245641
2184820349
2561385499
4571526007
814995947
2878329497
5022642851
5155826881
5294228983
6773486411
2008649947
641799671
1286095201
4189723553
3265878991
5717668301
197506447
2086649687
461861821
3113753743
4590315713
3364733441
5677190741
1371452843
2789684591
2145779941
3601178171
1270120261
5047128847
4621739809
5435202673
4102850743
2074405631
2713145173
9101955977
1740312799
1249730459
1693990061
1749606907
4087949729
627886033
7365042563
6410637509
2350922311
5009521897
4029419593
1315086011
391993367
5601850867
3066924277
1322920301
2798435377
6410815657
6068322439
2315126843
4316511539
2974822831
1612713841
2546092189
1368550903
257370793
5399355979
1401849503
251422181
4083821089
4738006019
746555077
3375781709
5791541087
6988970411
2949025463
1993006447
5407865149
1055956163
1514335379
486726767
396714359
1284907511
744373177
6336495443
4430244593
5323373441
2529516461
605288581
3676635541
4908632143
1072015193
4825712119
2189524409
4209719593
3934239887
1082753963
1718766307
1448639603
2349082921
3622087543
652663421
3801811367
668902477
6881516347
7579971439
4068608143
1530755627
2079188299
3066843133
7436952337
6016592941
3652847867
2122774009
3104471179
1983651101
4329939611
1511182111
619556369
1604942021
8160538429
992708771
7175248601
2342900941
1011335657
3814900177
659487553
1826583779
2674136137
5925178223
2782817809
4068389483
6532280717
3407489831
9266339087
6564687127
2806479947
2262423281
2299704779
5167532987
2502143153
1227039523
3149229899
2754801607
1175400271
4127490053
1278158027
870940339
3741442759
149176483
3267893371
253965469
8681621537
2883839531
2762328223
2666863637
1140652477
1429695649
2184151591
1258876243
2547356587
1074988127
5097530587
3982758733
847836797
1865502083
2961124897
899748737
7876927483
4774021171
893990711
2822771747
1314461033
209956867
2724638599
3430381861
4229194087
7488826019
503413223
3203249047
9658738307
3294366241
2289271993
7269435623
2365055831
3109412023
438901997
1529717509
2722860449
2757193031
6778076831
2788474243
2728823897
778691689
949490461
5308046171
1063472513
374957717
626284051
2304278149
5245468289
554800699
1944821299
2491260539
1453643221
3270219871
4851800581
5175116411
1548946981
6236191163
3659931823
4896332159
3138674237
2382368479
2253588427
970690549
3626364041
2970196783
644747713
2529079339
251798819
936710311
3282786599
4165512457
5829026233
2419679687
526834643
3448636027
3822900793
4896427919
993660097
1714783033
2786413829
2957617639
1092370987
2497624699
3998153587
568662929
5365229341
3243965981
4466061647
583354523
1682648041
557913901
1818228449
2149162577
869882009
1785234701
6444150457
932498893
5789899861
2175924931
1087568941
2960174933
366715021
4518059201
6750681859
660172391
8624166949
4275926167
2991097163
810502291
807101557
1531758493
943834249
5109972337
1894034267
