25984681927
267161469539
131886270281
637153212079
828113093543
293316129011
522589917323
275797253107
57994112437
193483884149
73608358553
626582932471
395483394389
159695096399
85959327569
724101157183
746208544793
158255126299
53235998341
380152234463
160375053791
391639132769
130817697359
256088366447
323248707179
71907092339
433950580093
712954824763
315728350369
87199724587
302097969781
161408855533
136783536473
212378625409
732511400993
80393731723
208888474121
143091238399
173599010021
334749328379
386963047969
21378454103
306132951083
296715351437
264549190861
558870218957
671818994111
183225790183
132438138323
97256258789
113213919529
41379535891
473221439813
201823692331
150514834621
110444820361
52801018481
678805179149
415157692199
139417976017
670366983071
102140381179
53474748671
428077353281
597285285847
261083528987
32370481427
214951167001
359398264453
183962211859
438365275783
214289300359
348519363343
194659254859
666796188323
34276500959
420139967713
744590084621
236810365933
280054259851
292085304437
458270845453
110474649869
309249433991
177272405413
279389173433
28027541609
596167500161
86522158543
554659703603
726644142121
462684510863
532493624713
61411188529
162264336119
268108155737
127490541967
263204758897
30552764677
161926030337
245196509563
547708505501
208029427247
313069730773
30070492349
153090050567
257369835823
115899192803
646308751271
96286799437
64176692837
346078653803
156941341553
183338328463
513234319189
537211517671
679301259613
566977702549
564738494549
71533531033
161446714967
538943126101
369557267017
463018951783
651843656647
147178507909
80809161053
102411967193
143110945511
101982725249
25242805673
391940072933
497504921897
316072319243
411669643673
53200665689
45375906101
131922403489
45703495571
74696728831
358590961247
361838403307
305460142027
162222625297
187882835267
20419421513
251843043191
65482075187
61736142917
78474027551
110922043747
230325034567
422993786861
162943797997
117488089457
86265385697
226513918973
505504289561
56248741453
114449338291
56344913701
68427834551
181520279527
377233096571
374514227077
228205628327
513887008829
266043113461
192864539849
138988278791
750928240481
593678063227
245282759507
261059090069
102206916131
425746560937
45911317979
139717950443
111573114013
157267258457
48543840407
138006169517
99377520863
65528503681
647846511163
528394578847
545979162121
217746490103
547403281211
116674167241
39359521529
304990284037
219269861879
169722769057
91690787453
483533802187
491038365403
305384594323
194726608151
130839154393
98765315009
77882565407
217838255231
788879502221
679439893003
482525973817
490261629779
422369450077
515080693957
219125702063
336968385283
239190878317
91607773093
644866239559
871158050237
118250158261
371932824503
178113199063
317744463557
116407362089
243779155181
56729774867
236098370863
245013243407
180781463897
459172710653
718835399257
65342551459
458306149687
96588957929
166815859753
47717338531
67819557307
300053147143
380045423543
142445573059
243855449069
339553701589
159357311573
758502754907
697007130917
517240846127
534014821961
63646362253
136571095237
496757762519
55580457043
104582622701
318364777123
228153685589
189109641977
140410781039
45682694237
152318988391
512648991011
195495990619
121619976871
145852113131
122152904791
350530743793
82981022639
79040074369
306445146103
170371588381
326060960053
537075117581
153648633143
76417339213
185020567279
220868326097
216466953649
745790970047
195675374723
152908376963
325104022241
42530978989
428287751401
36446734613
637577372039
227778816899
84111465253
75917364923
529292308273
354633883039
225532787483
129226556189
252278562719
191728200817
660493117849
330052482269
47563110997
350066886329
341371369147
602251297337
544271091209
473759627059
112493220793
60113360647
435309659989
444866344861
119936060197
369046534517
26625131537
281138415391
223444506599
86487272581
55635547621
136615676779
364295523727
95094561889
180223322327
258084243671
143634912461
264144093953
218693672233
300414030751
476789681831
134374129793
576859123781
163847539943
137424610891
242653865161
427992722161
55275183571
552507030137
465134274083
677588741497
308409062749
34779191761
302398309987
259631797457
272197344043
62365578551
42521745961
116896051189
48133577311
88336286429
639577845559
414219235889
417599613511
354862432607
469833102757
976767313019
507424942099
84075833183
554122226389
357701533471
156826553041
437922769871
305634026779
527730676153
52119801691
17937120911
452961718961
590215942247
88497099101
594177668753
276240916139
625434956513
88131146749
69793021643
734291129471
87430473497
214068711299
271841483579
115111158803
84938156827
154946450177
107830272439
143780003371
28201165331
56200622483
110583131303
223158946139
193561870157
128979827153
94226769943
132599075143
470290179631
57722511301
565046041141
407919856439
60391837529
193103486249
139603937537
233004502163
149440064273
505596962639
87117931051
491124620551
278043001487
99247311763
63544996589
222039504829
156587324027
164481835913
300147277361
105158291633
603797987003
210722001617
53418037427
379480987829
214448133301
400156946633
128930621873
234635303731
290073018731
253009804357
289970875643
314046083737
22399421383
189106612301
63548405467
85768173703
711531374959
600876254233
33168169693
467446645867
85464592399
76676182931
458259688853
818578556129
884346892279
343733476577
134839341271
217000296587
160503474823
117872341049
353503624931
620835221693
303999233633
296717570159
523719761077
441807525223
298662669233
294423959393
319911853579
336077323261
845186691289
318302455951
594492665857
138006029761
113059848607
601288940293
850395166031
136547520101
337407415679
204317755727
570807026809
317310165533
112726248989
118856338561
482595708269
116639587067
147119911951
78737636581
367054307227
330547258099
367425331393
19432133453
301635858451
134020030909
123740981557
539796023849
486878923429
69353210621
444888307639
74603451523
346661955793
77652802729
368848615973
463655771833
461567005513
502722532327
20734911733
609029149123
268429530163
671669947609
210867217871
324640273189
136539367529
145460696149
214408294019
575021858639
214564364569
76070406337
85341357587
751638956507
704581642183
123088311881
405751138517
157873744031
29565903953
923109075121
780252179251
30772801463
119866633303
597731866673
54618980051
220919994707
46621169069
785465637157
620540593859
201323931793
246946734499
422953478513
28227089983
517079483933
32307720139
540187585603
232461402967
169704347843
104412990917
447895805339
461179960379
303626670947
29355504847
52919900903
388339469591
63920414549
64069820531
393433731343
332052913693
277801860619
188321808281
761907012523
106812180313
682260817739
152012995483
100978429241
308453348431
110863629589
37926357619
455203309733
260016802369
87133421863
60646223269
176455868917
444069162419
539894267089
483002460209
311350249783
714373968163
772470171947
52202452091
328497542999
339339380777
75924099443
764839719451
111566391107
147810714971
156193809199
160702456427
123608203219
113897339771
443921738629
300310033781
398633162827
283562958559
173287136929
123714042911
342069596567
87335529577
154533011813
100773533321
388296998987
144608321017
121830588989
54783852839
418897408477
571855796441
405784298147
536511465661
815372019611
67487072431
18479245909
83267892971
172565367329
388467843233
37559513807
430716352141
641654639543
389704476823
133074862829
420345831019
72037111819
329796153523
64615494311
564918493367
489366624479
534561139703
801308619583
182161388999
613036195019
268466947277
169953380717
152126680591
151322478949
661029417211
133712458823
229442993579
165627950903
117704038867
144646785253
132895221947
42983211419
416623698091
736491822523
150024473003
204070039861
249564682771
290263789463
269855602829
569829708533
255925253789
169243548767
105680451769
608520174607
79541773397
208294570853
461466525253
328665028217
510898884383
483662808953
501501909319
248786120071
67843003141
238376876531
93101720977
284949848399
299029423201
289599447043
121018104397
940212286931
623233443197
93953228197
654480942173
430534157447
235373140253
171619597273
402776759683
305042733223
746884919477
468021617597
534798326347
14934497441
582765152681
590912351243
208686592729
655354426327
179516540017
419634451729
20647522919
302086198411
65184152699
187882597921
283155759199
530632355401
598226194561
171510533471
74666190611
277107719617
241786879907
69158334997
403824353407
173650811507
258117814303
262026882991
270496332503
120472769897
174173167879
75705854459
597954782981
680281818409
222103200509
430475639689
459935116111
198357367781
304613113691
404825941783
230071226447
366191057341
140397427673
92447866453
20991591773
111150340571
162281947433
192736562521
165563652041
291714913459
388195447469
104353291951
519572821837
182147112877
529128801463
838834703869
144748991819
73260593743
628205019049
67542374863
249619273837
121745189353
72679457911
124550200043
142467463057
299801981201
115675293551
24054552979
787475648483
224016895321
251398489063
197818660093
44832718081
201674927143
283741304117
324271679659
117493338217
43543305857
175661647783
361938335243
526832484461
218466030967
42963077621
313487071591
95699514319
648605441789
125310574171
490795249597
83036767769
243195967153
225335207131
73744258337
125053823551
173149470763
451489666267
163340771621
432211391321
65381253277
189599286697
437292647279
298729410341
80680456463
218943247417
407407133729
69015030527
92522270297
107212544723
128498444471
218894396533
292388650019
432091925597
255941722583
110241660289
82118825543
174472739569
132942402553
263111091169
245826714787
133824229153
72570151139
270590905999
95493535999
452597643917
79310549977
381830063567
117192294911
279387436189
314527591699
625052234711
145628855171
194604735167
169554610367
11520104941
307340988371
205580181523
581586022309
148178273981
202526510861
210013500713
290755962449
607031394407
204105334309
170754576197
209998331701
450173928527
495798692317
117701192069
735153672493
106562293457
115220845367
255376735951
554240406001
259957313599
321876614239
247099492699
753793318093
133803629657
591228555977
109668271939
479721730639
217718211401
28796830891
348681303067
166201070627
72685329529
169142598059
130125939961
253468623077
98404312789
113784629261
175504299877
200201598349
343924550989
541955102167
323817131483
88259591389
303238474969
375920452337
268280817769
215329028987
346478101477
179112880847
239946455261
184982042227
377796855659
291254328437
229960693757
85392324491
157155416269
199522680457
115242891671
180083732567
156662013283
114065462471
298630328371
121341387341
91550620531
415659601531
457348802633
350789122781
125778654767
240925881991
664056890207
449606390813
239953247749
94850434871
275334632101
409507463639
392860028443
459204604541
105511505509
87266246239
333834908683
314840532427
240109043663
115095209563
40504203413
144433499599
677712332509
278381255489
397485172969
114331270117
399556093789
526218736223
348785977789
31121886101
457085515483
612664661657
278012648491
46226104381
77984027647
127216457873
776429230963
191348818201
235338347341
302639743319
614063083003
670032256483
159406532473
655614138551
700440771697
87678766369
128624460739
43617599231
60539699537
95020328939
182055001993
470790936157
457924203431
333105916489
127105429193
126273790249
37188174173
36243579461
96949216097
341699187289
82913103211
150580994647
169811056241
422221961327
222026681413
77247233731
495681456481
386176778651
104248742071
110207064427
28453308941
72504271459
87053243687
163850141527
849172931881
28152527237
790058620511
275290616981
116368813313
178402429853
235746061961
575728871189
222580504031
441662551763
251547320963
187676197477
368055911879
681808604203
84875919343
112616820551
41037421013
38973648257
487879579259
381255345743
424487835643
238688725151
36817885277
324147076081
34697368691
314270649571
184022357423
252838852793
211606761703
460979095553
323761079731
311087775983
331789234789
296715622517
461275901761
87495487451
188403205373
209858848141
687307550959
436154359507
457880792483
99590115409
531597137933
239963089693
232502024023
98246247013
310148940109
74538166931
172850586281
243184605211
167569204559
597715692139
468815848901
397243808783
62573993569
178164528923
196871911021
172426688003
81789882523
65299662767
153686527991
156746348609
498872987593
94096797871
313348567429
293977747369
151511846411
184206193571
394397574443
304934331211
62857436617
650612457331
378212299999
254693746147
192177933407
188819661871
81458449949
182069786351
40330434049
221244638887
64583527609
167369665613
360389516359
35451573803
49297876907
109673698241
618048165767
106376044241
386810414299
85439085889
