745174915940752353367
1314659459833780380091
1269307692583728396713
5901676735792159548539
6160202833578529049023
1647983794815628936271
3029408935607490384551
4262037064379173802249
635305363332172429279
1267395883450150385669
2058740456944384305133
3624778493303957987471
4090007799238504346893
665035399882857073831
4717222630881645353089
2269656166477984121569
1518976013461435749443
2305955596396343082413
4867090519678174133611
1994981789964490635871
3941871191164416380023
4439485625519984526239
344975615602097701579
3972359945666882805523
1415929579835312216539
804637773853601296157
2963491096568983299367
1195650931278837448673
1069488340774421311091
1290839429801463707483
1209689500039029915187
620279488298924188193
3193358694972926318101
1645347408627773582471
1488828745394750261389
2855014402296045067717
2782717130708777118761
1825243323210805961509
667741981840113574799
2594775179627750189131
1036873832168264626439
1918683800073904338953
1232036011633079160407
3576667595085284400889
3157294606442565755963
1041559208134280872931
2202436326779567006419
531004474917073697627
969631546100861991331
391817710694390638583
6728148188393262580387
328445842737341425357
1494375805505566106413
2442441211498531281403
3818942323415955146449
5875491580822516080551
1620695710324269186791
2000826726725717022043
1025864576773575746387
1793154323179195190531
778950233519853350521
1728037156150340597869
280036598812834954253
465022299735642359639
7064640358012221982757
6462563733145720311803
1844800360939280610533
3737679151818275020207
1868000760211640422579
1326275038510097610601
5748707506081149321143
1536800354527776094759
1922659933303039992553
242420074636874859511
3169758347861813180087
2876916631508523446957
3537247804411431359737
4414405441217973588593
1100096627587815126047
401654832762793988563
5214621594721122336163
2882390048019871361717
1926838676826662607721
4736214972870560936137
3147636222703529050289
9132132474335578361959
4190010079778897482271
476548603670719693777
1856923340333086710359
4668143925048631406887
960421597368577997137
460612768920286343147
3110786629414688161097
1128211946179802435719
3348982748822739291649
3295717641172420961359
637011490503040605973
2698333115196147333859
2644754690859497483389
871510922700794773879
2603788334291888815993
1265090580338562870833
2550121230722834267957
4349066167926931348181
6547424285403980176529
3220769629643326469897
3795887193075189850969
3162050011360678713343
2260760579295027332933
383181006323978423887
3607734145725791690897
3242141435048268509681
658638848012947966037
2015260537689524652509
734678587208206269709
2313557341212926340067
2373681986163643721017
198596247507025662913
983154079014914059427
936970597583379356111
983113808914158915859
1541768711504273174807
303361611940919010253
6084168990540107375939
2104615302268470443429
4868579680609093532789
1663782288412123527227
7204830207489286539781
5719179792890612301181
8912205556592757293951
2032882487708935377623
1263369691833125102267
5753623647456731080777
4113018069953882084081
4150581198424378268911
5849773129516747253399
3344187927428037296443
1372588624427210238031
213689557150741830863
1806157296178095907117
3940270410948943404791
1272210108761243811889
1575008468370536732537
3939121270996885075523
7845667465557152483717
702719349586634034917
2739159006523149652033
3019881754477911928559
5210852195257048678879
442390825866172152071
3582399826892932624829
1694970821521972946561
1375111488192982020289
720384961852864971727
1706739120640378743539
1200840215336002508101
1057248020862049376377
955690171562642386573
858870449654112697409
3447485535610781299619
686726298146108077661
2347894576497651919081
4635942480349037867843
827857702438342257601
988873039329954688529
5276597843631350430737
335174271653200128623
6575656116954775452883
1421388757832526047221
609063242634261009131
3373005894517990475531
4286593242046706529017
1270858180078155694343
686421528768907582883
4557765313464443461211
947942453546820096397
574469475680129523383
1104736068499580587453
437772268483286182531
4296538912178159737141
4233906487007537127101
6056720259974331855497
1639211880589517324093
1156765396377748095061
2339115776496649423829
1927720329696095454011
3013362659725146402649
2628310585111516589861
790604601607972291537
6403847640879159323033
1631291668907953129751
6230163042653795988593
2065236771555173779847
2087651646717217313977
3622991085212211278639
3056032347994668185687
2285680795153364007101
6035226975438984247181
3482804164861200060361
7464668708301349468639
1276826543610235939481
1146249067022481971687
657353406862510194541
855400972370915455787
1506037013998733246539
891039011056180845569
2043283945683652704061
1944451266781686169333
6724730823670102967047
1762178969958415884287
3444880415154723541903
2109790814578033326209
3259434271341132897829
2429065686794014571507
8580370448271219714271
1234578471400640113883
836884744828188539339
721328421236017104529
4132382438150377753351
349394068411797761773
994722759562958725051
2987462246854064331739
904529875549056706273
436558091329221080743
3259134734523750033473
1222785718933655213039
759778105629953260897
1203140234307155296499
2063390861771907375161
4072831732824844098257
4568039948709004944769
3357802712761300116017
818612828569079372821
2851136626230069728641
6392220706457504896421
676138867866395353487
2519449846339245131357
1910491469713061905427
257032475570478413087
215646201124398138221
2714439797797756100551
7608004706667762439517
6538547313873477458783
520978038072413874019
6110156482497551221723
4318648676044557013619
1093983412703274037621
3224864440716059817413
1809225012192194390657
3896445906098160120071
1224972398743880714951
892988813544276031631
6819493242113115826391
3464300894131294684639
1484815044799406259061
5368767104037456489563
507194858212390192517
1511628188430974809879
4138133189274106936349
1386744515676266873023
4927954157675101162591
3536088734425786990247
6664466934264623742061
312498098279523199427
3588096314879614118491
811654307449833176101
9483882735778472263663
2287946915987129840293
3916174538499537331009
5807207139634222676779
4830530705799831306751
1456267708283381553743
2976566407115916648811
472639787724177390913
592984564499245121737
1697886957939691763999
2011775470571997825983
2181559343272909556587
761278192810975996619
825602555310653096629
4581758229555379518329
3403980822159992984983
5148338749145608781473
1392836620232148688351
1570262790651219010859
1566914527815133555477
5140895635939164569339
1325683359739202076703
5197705113502377283097
4228511960815995187319
693931834698541171427
723088837123153147663
2179692837788309540413
2826701475024753597307
2649271894157177776153
469718116659486903161
2536079182528504401211
3828874562240362043833
2224677537682116843173
3047848005560799057119
3722142016434653312833
3251395467826254258787
4021942459974338484709
619825539558602624333
342780001714283448541
414908625773972532781
3262218120489751519163
753146382599575738913
1828643511376822087193
3497394000187796747561
1015925048021814045391
2033514266797013532569
585586041007270798211
660676153221160222177
3036383817592317463919
2600372799708710788493
3323996082968921309861
259798203525969297143
1318823422704895000897
6667160877972304663757
7027294881419646906587
957325239648143489323
2918991364969701080153
948119385473882260259
965536209848551675189
1498814529519902613433
791199942637196348323
2172682018416481488197
2580562140011878200803
5237735605198716611281
4813882029227731720699
2361060746205449077289
1435380794899452440153
3046297321391692749679
1950600245954583364357
1896623706733704530599
829720833889666067407
3152652844119696410767
2924288269020714546947
1944733219005689453641
890987516508090618601
1837267442569262955529
6384390532525149295213
4810059561572534292671
2455625883490420634611
2320119890837232069013
1223227315076116784899
949334264584956129293
1532569535524538554133
2686898752367557743073
3573106439952733862813
7797554945651377680127
4324718756344626610099
3192984080838420888883
3779881867886307996079
4652879001638760763163
6952126018313786760127
4569269796358500739537
2376381486941665825439
608680953669099809611
699946839161581072643
1044300609786408895457
2021960315320249812587
4206424311557879076101
6082359019788759627617
570802024685878990357
443182679505350693543
6793574546938545363671
1453626624352299310867
2431060730306436730763
2223253911253702880101
7750248341970879207181
3637623097555326258749
448882608823776584999
4482629751074257460131
1878155103009241864763
3088614396471394734883
4433210232345075287773
6585735746903874260143
5529322580137000170839
3642258382115555706787
4093230489775716937489
988290717033107322979
4736180774314056167209
7358134397966662707871
899371546989019791377
2261942877804137041727
1510089895299548184913
2954311685192735367281
1992878156198511742687
2212966845008505675757
3987834003242854303703
3388651413932042123227
5870309264013586753841
1518718911350699024279
3368473041879654888331
3917293060990643547467
731974642706534610167
4891470564912040578517
2661178754588187746597
4124448715529929590131
2422850713348200592741
3007494753155922946453
664889859123982488883
4090564437052889913071
3425869397572741987333
4766302419271192537501
4505107100931691671559
1442283410765058224351
2789110922635755867161
3290768317913180175641
3090560009980525810891
4004154017620216040107
1582172761576586077487
825341596214223530623
1680905509717604045537
727730199869756076841
968918610192010644407
3745358105092973363107
3644285928670418217839
282245430960333044053
1293936809369561445527
639621465971322149339
901484150115871583311
3477586158439293462187
2504265400897537196609
1141999448909777088767
653082898731011713733
5750941157189384409173
8083371405594715614613
1903340057932328551219
689935625119896274667
1872230814271147307569
3252242658840079235143
338419075086048324307
6411096995038568242009
7076427315800958550867
842631096119735336747
4098152020554329351863
1022024869269584234839
3583098319039556460317
1595328671416185895853
4754540473578317524303
4194928832491612709657
3208255073975975082929
295143166953860698729
1254393543390683032861
1764849281816219116943
2909529399793421701001
2785605643280558638471
1425712079165285650129
1079342268292761755357
3241912189267135231867
2181306824677798261541
5479276095340546301903
5699078153639952549583
3506616086668856052467
6453775360452985659929
4981013313830116974373
1577917103279277331477
1008915503082609465341
3516141845738667929059
1046766633282764299247
641113655432062366699
4033033826274826557367
976162575872267959753
1988448422349726530507
2674251297140286086309
2390607304325618722709
1267146616333479118033
1826055789569617660711
483816657105922586021
1070775201558431209537
5145591042396729810997
583808984863027381529
4760832981697376255249
4205751479981061247513
3919816594447770105143
3487055581581848718053
3976842062711162225543
931223342683164375037
3920419856577289900843
1196257703941834849321
293880626072955625393
1435915988742618151987
922838835219235368983
5213469307776753770587
1227541364554502172509
2080631267648449290947
1736820201156026904413
1154329859020525410169
1486420959696905492723
1920577570746949577621
6976977804939596738419
898357374893648056459
2876803216332219923939
871731284999566874431
4751666511846230625559
442197869572725245531
4917894189835996499749
4438396807275535911077
2452707731699647945751
2216070935381511913637
2792565744225729651961
7149014074868571686057
1920744124866040377529
1105899579174302254427
2074803413514942094273
6642570710304228254983
999631830937055866369
5696582299866919593101
1145822706620615130829
4878470933584936802363
1300622179660897195721
9870901605726840663211
1623209659090603556789
2167647955517370143021
2175714399309150950501
2798586285331684027549
2412781166057184807589
9616360986286114994881
6855728084425612616183
3524279105054384476739
740483858723240694943
3231692340654570462619
5439992073457603517587
300487307537547787633
998966951578630448047
681003346649389598209
787159808180051541551
1985322996148286519113
1271780755162285625951
3535464739293398159273
8958427182252224962151
1226893951589050911139
3610057590129533654179
406428441774444909601
9494294524143311729657
1934815596709824308209
822349385660571793859
3854617777201750723457
3847927324785595915711
1475215067088735853277
874198884337196140787
2927652886236983529473
1531169162225942188051
332129573221842392071
1086792730160875155541
3826603455822625089427
2300016295960046178979
2445348607740526903399
4875615621740908943369
5804069957802211132439
682521827234017490729
299950954759984957061
5432051639648453791333
1808497172687589867811
3816445929919617791219
1660787502691794838399
1539340145395298821811
1956634421024301322379
2538205025545119177277
1677464933988480270871
8198861398107062712413
1039447010148850882793
5614736653428107964827
2447632876509006262651
5041563443207422664779
2552730789529744543037
6748376151238341984101
2822427210486763705367
4845850844501511921563
8438599573679016739181
503453030418457162819
1217232315415690711801
245058506024184691921
4406089230079263974239
3491777830257418285943
3295009817280234748313
643420099938649945507
4617632244780580082623
4214525873829059674811
5382099549691880199991
179032833601760690257
3678970386068204806927
1797908405140408932587
3096563308366886217809
4442209561268253628457
1418619585863903007127
4453662172254596400691
2457508171237608635431
323564106757963904699
1756342846717725837229
7212386086844659583749
8202443023114005145813
3521436076738604539777
1806405795723657055139
1644670273364431128169
1907999599429691189131
1373172106216746339947
6953176846593436922467
1017205351627943432117
1884925148705235091783
750418778433354897689
890552924851303793179
1207592712802973196829
2013798737459151682679
4554163280897410226129
2098307886895028611447
1404706897313835971789
949793736343554661613
759920697419135383039
551682407947522207451
3253587795501159474563
1965274682214503931569
5603834236022927205599
3115231621344610697087
3200118960991052081713
249411686354853603311
4775324708176413957281
2039726153203406695241
1635783636452178814547
4491154930561067234317
9330827510676773193901
696271005598723823507
2457808676515136654399
1714764210749851828591
536659859107372580309
3490462892118141727787
6249891142296133416433
3184465322729635923347
621631241059975636379
549434908568193907669
4108829325323135859091
2041076147284038048673
479471512596247458317
1722205302093256962431
2402328759955684883803
2217708814425058368107
4004580041003225582273
2528463777571559125577
6747824744747952741151
1426256893056865339489
1432384587891108546103
869840775215424342023
2440779923410060935733
1323797926699027695299
3452591089604255977891
1015764107158062841181
3341344949112886376977
3606378306146809076243
3518363581219058593897
8990613955559903629439
4305626431287346541153
6593678262615418853771
4448893167560878595387
588366146523327534343
8022275710007176897381
2376275805733074504331
306853806287497032163
1437799623803752379059
1300224113033675718103
2122581473216852027753
5339854452975697582243
455590086402289746953
1993013594386382962061
1856371905596708763209
2494063651931685708781
5648228334262542626569
5397125189020657652363
3175857293007396355291
506717602411531831349
3745889874343663602263
4582706625725005369069
1319479626759825230509
1914241449506039116849
781130639955711099773
7068942063943886020513
803930707897497989299
7503557105600242313387
3621956683964632183231
570000913216439320699
3699226602598650398257
1536578664531319023907
4420519460196618576481
288699384495608944447
5979483774192153689341
2402791892647544311301
3682443859758015928297
3596117646845820508793
2177322542851434115903
2669207979562498719781
3982070309948009055811
496542981149225855261
719762026950420588509
374630247892099682123
1970522378596886928109
6340865118840640999571
330688492448734433021
1308906805862775542531
1378439528959824024467
3677871754249126354267
2525941118928905556997
3158515785282630579733
777665964936093549611
5206727424876423184579
2843245142706116674957
2540108717863063140329
655415659610482483187
758606926411769488883
3813749518309319488349
1375672788235795491661
4550022676424660316383
1749700853303979681481
3186198749063020667461
1218798400847559433351
4363056997964312637001
539343249987955839823
2465562879300409715551
1094489634470250951949
5485990333311233081617
2891537943422845948501
3425096669013456557129
491793200724268717763
154060660466126932183
1484668134209030961989
8204470050426234498763
1445821394769990901367
608031247403152861681
2164773122200391927449
2501717208800625004667
1296507990332454721999
6908689373978401116697
610855470370721025949
808196078587493578453
2355703514631715124551
5851661910000671330921
2504517557502374776289
3460324156198062822637
3435872113028623305503
292218581553571368097
2475614627469256166941
3428250295193652405739
1470017210286798858649
2119697947296905899243
2385987019828721792729
745579067035548304411
725112025199379846617
3958214177503757282471
1918515957823850874103
3829350248710145441483
4281314626490007668987
2254651074672879943457
3769327011602086736507
1684451701597494014723
4074300508726212716873
753263411283198219947
8778073020637214701607
703836418237371582979
3767433480572492091619
6204162566898255656987
2013631037163860371727
2246621816241467152217
3089348782690597188383
2239727707588145162863
1058926775485740463843
1131223643116841513219
3969158479672876468219
995547458463073970257
1274935426578695323759
8822504915440900799099
7298654755717485855031
3124389118847305329773
651103203746670956797
458506828905536296789
3021829398484264617593
4453447562654126623529
3965027941065115087741
1255112119756586447303
878738330425371847421
507213538450393356083
1299264775755186067649
1924361061103549246681
2400743944603101749213
808741282209077353463
2433287520051222756101
9561651860204328136127
6313104259884488519573
1160911102506377139637
4930337296185621287701
392907972406776072403
935314662556177495853
4221693471944426200861
5307511466623149558893
1477213012721046582419
2574408705627265416463
8054492613401483624773
409307845193832089821
698065515063923749859
174828521951354849087
784247805198392576113
2250608743734345081331
4326495553394797943893
1426431130810513719719
2095705258198185173783
1421317824651438154321
3466290118870247226541
2572354809544821051557
4626365152552217144093
1438618393873071752659
364673334030632549191
991262570930098204069
4941448362707591781407
3433356664793707695019
5693222781332628991651
1603730054201249166737
3236978811856671307123
7550995540511563884001
1205694962834521905013
4899061373058679062707
9087399080961015764861
1515704671242388254499
2543679873023963099521
599291452457338635047
610900994457370674319
3305601486546070394483
1930629622865545184171
1964551043207492835331
5927219956165767030413
1623451200329214864259
9328411927737795215737
2569685745554796417823
7840885691448570910519
8391931362831816317003
519234060746638132639
909757753216597035637
3215611049002866748193
405706067780331417103
7178947876504048023829
4896162778037435775523
7337973032512789879493
1032630199627198849441
1270812700956428977573
1283078216066787849283
5773981965912322479011
6165104523956735019427
837532111306216014679
2558732052468710978989
479947595552990080421
6386761130252655278449
1032152408821890813857
685613532726123672553
6024958955170388501603
1144507451901448415269
2492088128818790501477
1022517135781839345797
2487369513951992452087
2957556082642199030207
308258155305057378523
1762009253940322734499
7003487010334761772789
586777608356567310733
224186656848192904277
5454672827480677166131
4640960661145903519973
1728515636289201689869
1113182980316392902143
6044690502175595637541
1797586447852625258431
1365883449533001098131
1970494701155554254223
4681634720248201311703
1692099063242434625791
3197334855250137287047
703134261757608477343
2525138307297207013387
671650681187058086497
5415400917886956078749
2127613690511367987389
6574163472065640888851
1576052054234511495209
4166405385690642612187
1381656286077212119109
1641693864063459763387
5144878920704686286449
4154496179261469103037
1244931973058461087447
2075889735615176481029
4765225776958836623263
413767037822222692963
416852764209217330601
800308504107639724487
7207059309707374165619
5332310285199136184269
1034144751482498105743
2696482697801505067363
1411675073250117723499
1690878617920306372133
1840334779024449431701
2732561461625765583337
3452777700039468674273
5824430900615342409553
1225510727036284635763
5103567418721110587349
1372380394278756991333
7733115478617474266147
1906560278443025983363
2186343927559991194921
1790432924407985429401
3035161213031869490923
957811241230003758847
2897645267325134149667
1006938101224239765439
2015525200267894476653
561897746921792669293
1291986849719066279959
1689777118253576923507
427615684013087440723
1787771843440549665581
1445595803892070866031
702946614757275411301
3622384254270827675401
927659086872009115121
4186837675238655458611
1378557364752027121643
1882267680797769584713
1195340805923459489269
1297759776311402180893
1177916615150466755573
4492930295727407241637
3376262659521900021667
1499365011573098753243
4349019026076118124369
1524845841842176340401
7079207738415340657043
450312249419779077557
2053178028258071151979
1942722980701556346961
2449787775607801387097
877990375303712870833
1302026418825841998493
5938523441140069463527
4966883066276511148453
5699647235495581467089
551459896712976626509
4645051352317451263831
1170985544666051836903
1588275251910114607823
3407649006377372725607
4461536318521121426137
575929790654194686041
4967003153439933722933
1960204724800090346573
258458625988094458351
2187922114390244968613
680803856485635687361
2008065468602522507821
1877971182969198085793
4741854555577906541051
498409949384088561571
7137851637386796855317
3741096610940119866007
6369459049198759571797
1321821334020880603021
1082188006768278419551
5088816966114483608921
6927683802278743677863
4660943700934027863299
766430206799277299843
772388125853755959467
248256908878447839977
1326191653143688074119
7207649814417923384159
1751790831733583375711
5099179847250582658823
2522098509007469447219
2255492893994674444489
4231287087828117427067
2110591417120117958567
5567439494857026863399
5319147785086906105403
4472387674331742774053
1054331529884136872161
1059110939607080980913
2414006457162271522561
1578626540852506191251
1788033569089647528307
1261110215495736590419
4738166095911534229267
983233088532832595947
1407863104142655344831
131124726119176985927
2445015033793514148199
7659343600014816984067
2261363512203336658349
4167005548463771655757
683354168931389354587
559675740027075279871
1355634841826419259437
4049004614028591855151
