3706952811100211
1259912652578971
2718360015835241
930870509107439
1119714911661727
4087968095414377
696133984380697
1521380655077779
8311778007869873
1981556877253633
2997969104498861
1883992268292517
812617139434157
206418919123853
3012120331665859
4045027399548661
1604443696807129
1553039913927659
3803621541812843
501928845451069
1283215508713097
1045628105103947
2787897612684083
6893121689536739
3885320754728591
4564202490404941
8275495131294661
3255534291732809
1730971123661587
1187032742902241
6127578332693977
1583744701047269
4310553099898183
1953714032481047
3749121822643579
5819049729918343
5005674902866049
1043785784300023
581031901084571
607871578777501
1830324047287181
493996634654813
7992566864644591
837823888275173
5383278368223373
2764831212638647
550017991930577
1935674441454961
1425275236874893
796133880576119
3107258543733133
1331461160049343
1931983879187113
609400304889989
3736298833457849
352091264495699
527905591067971
3763636058690873
487670435589017
3867069715708249
4893137061810457
3409911839848307
2105084834860933
7356460092613337
2263970637724303
256610637070591
1811894323729661
4245666187521257
788123834212699
4826814804825577
804590867837299
2119060659420839
1277543701533019
3690745353536977
4962628720365131
749937754973311
1365631819593919
3135193928106791
751875968075933
1650789142145603
3245366224593377
7906874353115809
2281375456957547
3312015138197387
3572506922562419
3606178658390393
4653936348937769
6122409140272097
4535756223466333
5211998266553173
838538162936237
1489449980070511
3733810445232097
7144697855959481
148358625689719
426919790753431
209580314820329
877712912876741
396887592961973
4911976141118051
2450548996425301
702109961043973
3607349749343597
9452207495984837
3576687293894719
4239793336394249
3750938325016361
5434889492053339
2345210563701277
2711337118914401
963360165844841
1571606203327829
5558265804712133
2510033146625159
1303319787473471
2084605343951209
6827316939765097
4808262552874883
1733057773149509
2337199590108217
3910743680055613
434549941834399
1807796700362603
1446337589434163
1044833865416557
3527768572611163
3445195968779051
6767779229655551
1951252623578927
548732698793003
1935271075477063
165543701448767
4207458983765053
1055059944505219
3680637950708689
6475211213943767
1431502330344133
1063698106657981
1026300549349253
3637394475606959
3001739486626121
1033193921164121
3453700162504127
1180110838559951
854627741785463
1908124100468507
3956092286314387
3273752766213619
1322301139139381
4757356647418363
7561400506141561
1168355131986751
1977729837532171
1019612344381927
2471466387980857
1036067162784127
3722916223775279
467907303654451
452817281834719
1559915810297659
4978370299610011
1194685296468787
1220050743208447
565593799883579
1242250999208437
3246486483497443
7262530178013491
8571804227977717
5532210722711987
2072651725066129
4965325050866143
2566956641013823
1788097922728127
411498382160791
3864021227536721
5765585960566387
3926802837605117
960774401609663
1358370121997971
3455647267443401
5018936456550697
4772123508167333
3062882192581637
3134732122831363
6278252392449127
4488467697379691
3830708088816517
553135449601169
419556534564113
593524050406699
4748444987548571
2288588025400489
2588056307954561
4218022046114623
440403276269459
2393853737914337
4444979562207187
1028675028802243
524619010546867
1806422119968313
3176495942868973
5883653468941109
717088351180237
4560543279091759
7999598422201151
4626464522079607
591027925639583
2467127032828621
1032644230056949
969375325373239
2519656535838709
1395342224508719
942674423397283
886265448656537
4328465354018173
1415491346771329
8944093005657109
8168318045940817
5354550838787543
1476881655240617
1115020853175893
499123091906731
3052474152835859
4200217130717893
821002239823439
844759774290151
6865553669371493
4716211596088651
550778738903447
1764232943048909
4429839282208801
8121238678044931
1663832077189543
1654953177431381
2700572697325913
2181605628357143
3742069971770587
532765249777457
3943714366446731
2694891321132019
3137637893981837
1875761006732737
3294460029318499
2993096641087781
4902168188252969
1750443175207423
415600444285009
8431868478070789
3336248508918859
3945736364702233
1868461331549399
1689355340493101
5449702982194649
6299967028617961
945630067316843
2828400023861101
698861038681237
4201348365200617
3322676053439959
3602416235304119
4817368137095263
444082979153293
6710911242457901
3137046939538489
4986381890525173
2072328125434807
933397420432013
4264889399105603
709315471602371
730718145268567
3207412184728027
4405741702406137
2324167090971469
267343512286013
5794532301557749
2673174056764373
2929079893618423
2986121695492891
3503063864974339
7002167008590577
2383775082864389
1988342937742951
3635928704547877
1783070853965683
1914176602987843
795118260785929
2503410115140973
4105790258286817
3710864908933513
1403405144689391
206363718769889
4120463000416627
422337607278449
2615087330166653
297604232056349
5756217713688251
2087326016823863
1951426127487959
1337411612678807
4474452779894429
4715398007363401
499370112620947
5596767569019769
597200176387783
2376900378927259
2427906896081497
7824679278360407
6115762979334559
4517305865630581
1781649362041369
5749071004190323
585596812875733
3541347888045523
4141424355128003
2829140182809469
6280256917992679
2288677258072769
4121997240276463
3489462480512947
1377568372477301
1049381616400003
6590064560970301
763933037765539
3108199234620187
2300119337760523
231586307616427
2686369261111117
2385651839265973
3004700882148367
1586093319771557
4425357605900863
2009357582504743
3175148459116729
3519915290771851
721206611043241
8036527522797793
655242803190509
2087209820141843
4645614445396957
7389081488195093
1718586703375859
1818981471979657
2347859358691897
6049273224232669
1717244250201301
5636725620178309
2252893123696793
3162378579394721
3125323332229393
2283513205517153
401679747026413
2663087989457603
1015213452252541
717729495604829
2990702013359341
5697117394111771
4595291681255207
2097827221813483
6244718759812409
2878410373818019
3856162832473271
5436117597887699
1609037915799961
1870706092104029
2488208891385233
8844266449084669
2638152778195171
426866050054747
1410667377734449
1490125389922289
2137401768173519
4585595536460137
4886870736919667
713657259431803
3226809861996137
758940631501823
1087550932488487
2147057764973039
3165893809312573
2323765943491913
1631116802618371
4230984029727527
3114573929844217
1482202895969077
634362988129307
1204972692818189
1324580292437881
1167269663320799
588734984786009
1655811081907379
1857201413041123
168418121828783
2039100783875149
3709521719548891
4519693658322671
3246645193719913
5566021940063029
507089701865119
2369536952976617
6326648726904529
3456370429548539
1370357135275181
3972300198480479
7469083545671753
1413690720283069
1528161247080007
618653352196487
1150026519232361
1014929080636013
1399899336710737
1686794218360949
4795744913245771
1363985816666903
2052559020657529
3721712264223277
2178345647611559
3003831472803041
1053174829981751
4760539451954731
4207208242178917
1562760592425869
889376335892327
1428996722071487
1821138735700129
2015651174713577
6512223564553033
1662948018937511
5767380741953291
2600498434772681
1766675588878153
3018406262148863
711543567257123
4613336054689423
4227327288773363
3791383742150843
1920339651696761
3500391704823031
1326754816071943
2960852479975231
2939885754772691
7514918826856673
6732441960075617
684042481060973
4729509961545157
6838173439053127
525677903292391
2304520591323037
2204892130956521
394074370233877
4033430231406679
1477886181068081
1267891956763919
626780667049787
4241301284260039
2156685076792669
3274000454820331
4707258453634343
5492580122983831
2276118071913311
1726344734863361
599661874857391
2319577644739543
2471406268081921
4562582671731829
567892327984603
8704638684699283
2268351703950743
848396199927827
1484704038496331
1182138831938639
3401126858620661
1229286354977203
3920544039980833
1855382927886877
7330544459732719
1479564578341789
2137190229200683
3131399137508839
1620340811350241
876871002893383
1750466886325583
1220175196681123
1997118842781119
984241192279207
5670975807918983
2956022321765833
6833133847334087
2145453391465841
5496713200287823
4956243401841451
3664373248147141
354128750288903
1206076768636283
3174596401077203
4396755272504797
5447386193326279
4479935174627821
1810487151527519
4808339636081147
697951235205121
4492370275720031
5957891979424043
2265917928292783
6547764617456353
635681599874329
4035922714384573
2659982906359223
868224589446587
796446405555011
3580446030032101
4042640731153337
571760538286711
1704594514292951
933345866090947
3855796648839691
1829741084840519
2114523201793109
3620522866722899
3605590967584693
6014716693800433
5417589635295049
136581434458351
3176240891682643
4690373853160601
5011108771534309
4125467726323319
906285814291261
1587517165514191
1903056777731107
4995067349405591
478018919358263
1117585288853951
4838552037829379
6177812965692289
2911553532227621
1038327118898227
2003299020338807
1654158958313111
1801594567008139
7066449664019159
692342749263959
1608481735461457
1734972205562927
3276645052346173
1616484470323717
8129435630517577
1032478434763879
1713806832906067
3017476949508851
339636660283121
1117052929766531
1235487019201151
3681522067381351
1056343501181387
3454103955439063
4637117875738919
3590631635765431
8302508265954767
3207317226250729
1479689229771031
6657184576862161
5341983291222673
1245596948562931
4300921710600289
1145035527548069
2296220203851247
5623180834040587
1918553912711617
3339322567551227
5758103875896157
3216505019886071
660569521041719
4517387650518737
2689742115235247
5353216688751713
598888016696183
1753436109205909
4695628505344867
1617595160557601
5387683878403417
2032822176856301
3079647944947027
1280905407177547
1115239955430313
3785507110824977
3509132731827473
4769487997688759
2577565376938883
2069634360797669
2393284674586633
617046029258489
9652934118197173
770997162231473
6198429842724481
7440956347854947
2872898645885341
1774178139216577
2324861568545491
1626345071059507
844583101989589
5759905732300561
2121854420548801
1589441645517109
569216780034853
970053497324927
1351085446925317
3487761860104969
2471483614503601
1870566409677283
2313474313968901
472957248278227
4423700541072151
6918590930262269
3227257024971823
7058296991812327
5282215360396151
6624584988849973
2957292226004551
2264820582641161
2140600457273857
1796895480256313
829489718183237
4649569986092309
6802022850036839
1802599615812091
6490229718829463
5068771177496231
6836050816694587
1141892920095731
3848807115743833
4724128933944361
1683872711708357
3474809187217499
505792949135011
3459361235927417
6798006273318761
1428223990593373
4014162237761023
2012399957424449
8531243694075689
675054953065901
4576590829099577
2050881932933447
1178835328741159
2200921055882047
4256058188194753
4555141696629389
5510854544586109
3142739745510623
4512993387940273
3228485320704689
2097725469337789
2891898333709283
1290959117621101
1109741646449503
3557425330456219
1918847889125551
2003359118160107
2078175080049421
3471166404689447
1211755136332373
1513224983832313
7148394350723939
1060542058211483
2323571065950587
2080920747541903
2908815992005051
1508734811452481
9386959865349763
456608597361043
8313247755766991
4770029988398663
1910126469434857
1921238253275839
3288969273022729
1242188879893163
3914045248466113
216675192008263
159873245360371
1073675565064561
2341427885939729
327877651759297
3093278804697841
1521220989032609
6015022972855261
4427516429277523
5595330127947029
2911093874611577
6967799500885459
1489451665639667
7590422252814757
1541202865583987
2040300170336983
5702244840067849
3155362885855493
1726096698831409
1755404735897431
280933896767593
6108574407006803
2647107922768709
1395800948796763
1279985754534013
6754918923653107
4664741222083141
3580738498529083
1503215079680507
3506746500619291
3535810363339447
1556511699544519
1058943153450067
2826484495586929
1640042201171831
1465392135191731
502423545753683
1910536689486443
1357483609313597
2514316290169687
1044810557051231
4617219822887869
1719370521983833
2010931923745639
6866183884334927
1033210337531591
1213599139939451
1620808156083001
1300873863913069
936159911694869
890039761516603
6233752112187053
1578213479227223
7770257780850949
1457080568559431
1658691029438563
6351915003335579
3951329258468077
805618251694199
1443203347395377
4790850077205299
5549643623574593
8370879152765699
1553326165715551
2298321581248591
1211753054424511
2772711220297351
2311615308429197
692686880136061
4749755006138843
722109911225621
3175583677500229
947059685125859
6296367390370751
3965378207713943
1977668089607029
2235774684438917
1177664152892713
3124687328621539
3649926333771013
1956729962946719
3463103411754947
1714252548579313
3563420512900639
6294377009859049
1189359114980389
6931191563252353
1377132565762817
995847527850517
1453004562756889
6935760355193183
3084395816841719
1106407218858329
7238000976288659
3050091834675439
980762326540483
2657861944007551
1124014845676729
828660514913683
377392151958667
1705030682542543
732168559783879
779582302280443
1533435624869311
3016151334553103
8650077649380107
1059516389645507
825415869624439
7668475094188877
943006531507847
2660386042503817
7622162300396191
1595240832622361
8143391301736501
1010050514565473
1248698629478819
926888725855637
1966077954814489
2779485204210139
2032895400778841
5164179939983231
743539840926881
4995212820930503
355617008686033
4012121325586159
840117650009971
2021985138093827
6774091743494287
3042763432390657
1988984395003037
1084413428573017
2320769022499999
901967774273519
314561641331633
3779567869651883
1179402295191787
3475381248674821
1127715579762773
4319430084822067
4360208657192231
3008044205900077
1331658831481841
2178630968011507
3385368216627073
1612124916892901
4437063382485451
2895039081934289
1876291173963463
5355965443663141
311220369918097
1426767118727063
1649852567008771
1402330270900277
2777132347214837
2531962345661261
2584207857904637
3228827910130829
3357505114073857
4207433842087759
2085257248425647
7367710336317659
1840929518623409
200328130283419
8782313892937003
5896725266304767
1188985581132911
466054747251959
3100417865498957
1393236168084373
7524392673515591
6310140025531231
3225081672127807
1549081351020017
728480570492189
3171612752704727
3657489527796859
4708246938042743
1395078965072021
4009195943502143
2712555146236447
1370736616496033
1016166479794241
1751994442536953
1567174384855697
5352329894313089
611743047604651
6665607521241101
5394604917861613
1473600618306653
540889510490321
5510146130926117
1623404290152979
484676666285467
3365458218694357
1480515406078673
524713185651713
8036017468441553
2048122269653879
2498844738736763
2020160426778653
332934265098191
5374374482540771
1749068967600221
5603857279384901
4597298351328821
990432706178389
1925619997995119
5599176018614449
993845741499691
4207962684435941
1047338599170389
8419085759043733
504726295709123
717244469543293
2203773215404531
757582624810199
5461247801501053
6400373566864513
3531840911289679
1092012613178023
1227203007650201
173798926513943
1077712151951111
1657831891561927
6092068946715733
3844801327580581
5220189554781791
2072596872663731
4057019851162661
2611619994416201
2909841900889457
1629482104593683
5032943509028093
5302673554267433
884151351797563
1601763696864781
2529862564714031
1262707301702701
1549796100207613
624047573274571
514523249162467
2051439027530309
5973277950168031
266284492966847
3014976525591179
2217798430063057
1490964501058631
423500166369769
3486536269916207
9018659199126361
6560441581760827
5169691116924701
574739414939099
6606202234917749
1873517649919621
4050644781044287
2434650993320131
5658191704570039
2587372755661157
2610201957164651
5719363731911111
361596603312701
5754550156455431
4460115636986173
548225440765033
4975255175810483
5832589442625031
2017914767706919
3739153942429627
5839238370877567
2405246943929941
4635986102655917
4796344039960601
1495840346243797
761070127971253
2582381390796247
1404572867407513
4856521469926943
5606549029727567
1242991584695803
1573035674287229
6985300362056441
6453737167797917
721224044429069
4613920083678127
632500389744331
1197711905824817
5341054566800507
692084351984747
504839587933943
4739479402362737
2688150678159071
4741527216272953
7271698796490851
8527924642474693
746496105712429
3360549025671521
6953303162649089
5384788744568591
3912959764390349
757205051894309
6883081789941391
999642322942309
584942728965431
2108536697357929
2141631629743927
6602864838370117
537743309206183
4111509749333533
1217699652028759
1279240817960447
1915232376106453
1357182952468769
5335072786659173
2001706486317719
1791828218355431
3170028669742139
582386466435119
4198980543426377
843589863964849
910866272805473
4095606586345471
2815564105545071
