34688763081014212691798321340463
20444074534003150379552005476109
12089333910349900579154744049593
3318956588308353459428017324943
65960543087514267799410160366297
52147599946337976282834292651147
54812023829539673925935722447339
28607816433048180881343327243019
12648585363030818781154925468029
39116992940959466445873441723559
32924477231740263142437719830517
10609408528922038828218199816517
18960099992047747156879729391383
17833695673450369427344955971883
10449710543214067838707455443117
13536977133041924159218984174193
19438925666255470472261457334973
43942100322182994098230406667133
17195319046079826730848647096929
16807517094362321728265623959127
17009760855229672362774697394183
48210709683772006107720468542177
77758109766408289770178382367431
10500499014535497667547466053647
42199789596212918307977517453601
15800018209272390093721012057811
7739324496143918598231974203199
20479159764968733433135112782283
7495798254965463806107886555083
62536956516088994049480246468187
11853671489117446469296357758989
12197824692415304454335047944571
6538412480932914239460270929089
2307487734449920844828531299337
18111870946442177621959735231723
15852986480060727278065615969877
6660723584893555987238054259341
68230354931751993692288121666071
32007990910035051543666702964921
23953207357479334235922517968881
4422787838868849348575776867457
9274319615910720517732045449383
13807709986062172625289059067299
25499285886115378868782145409341
22813395810173928750227794234057
24107715723031952457489136035703
13165569477638076876116848817803
39390057301359264250023384427643
45383458458977176125132273768047
11284926569947471668317680842787
42440673411918394526450722588219
13075125923897511086559365577869
9768381588835003793612114385229
20089484783965904127130665099779
22024672307710709018472321804119
48901837282388085480661379916137
27949528739910193938935734522367
13940678403274014967057070142059
51770177756823164911860508353049
6440815871732620271431930685597
36532207040509452084183502291037
8835599974325233824007780891493
9413714530062713178996135170293
96415976923409044524064381142141
54453662820293601812634776774627
35686172140768370166343338856627
5365267938434930130912191108921
13741797419076747903267720562741
37427055046639730087123724864803
63365231308979409074435757630499
61777682368439430321457582954897
20740991985043004135100381008873
16499999735838068972750854053209
48573217336269592163240476207013
84621586672477338331414363221001
20169191404488146292627558514151
6980690816834490453862784401471
13949705796098291770639768523161
19930037987138684521281203918167
60470450522152505503773180388399
6508226500436700589641225224257
19264810930076605688516453568017
29722173089131883448059966221511
31434941743272751729973733765229
30787625503151578557017041635623
22305732893583184624349543112443
33933457819040900399662628112811
37965608735210205598059436547213
23578942428643159999948424993869
13018400227870430509613915981513
58464657819633391152057497609753
4849934738368885537012551122899
21422347779558981194364549193963
14613978000843145534900464350647
10449303876553476419605989430979
2624089724609917724237839865479
41696182644113463781146721017487
90049069995506124168843197051929
18903955159958508527433387789289
36692961705394204262195025224269
7087785003872684928141688490261
22808688804281786719224150842557
6081113781199617596125465051729
18255533289853637889618116239181
10859921846617693573403105231963
30567770705392512656116571393201
44798478214781044714774430631409
8894968680296939855404754326807
31200210549415867967392616786363
8356194870665155900910315350393
2899982998712369213092103423891
71647673534358442337947340743409
11005805635417397371254091024783
21896710915655371635859996197107
13066583510688876533907259812539
15068299223345963829535463711431
77285428478833544452153915434133
68703396379125330908352022733557
11864153361836314887116963553979
30424262256645722289299729916001
70267950108085254565503804594311
40505745506954980921625811675883
33945785298441701939409277534381
15123299808283741363315345504453
9721312983711659442009252663131
13443777388026307695291643425331
9969200475246473864372985042373
3618358978110880368009506601757
44437509352455272207285342747279
29503685793915581432721966142853
35262430069799797481935454247259
5281444021572261853053329824327
3577426924049237356979105560493
41217709990696435826436380460949
18993594347885041035602528601533
12547266613880150185486179248143
11048931182254986907545200026321
10689381773702184480265662077759
45933255742775840562167050852789
13269197786515071458153581123129
4507428122795328757669229427229
8736163872400469834330354256557
9232927343474679844703346454561
13987482879092595784745050556869
8030800003636945455016706633123
27368289457576306618501130249081
8535227257881750047872881045203
19480331137151318835048190000243
3658959674122765320745814896241
13889569803287925592824661533349
35045981583199037913656993843147
29449372483112734545363624478753
31221097408268412709607837692103
13930890842578104365791514391293
42239827895726235223710627078649
31252509928040964723990496066691
12001695026497768972123522327039
19375037600809774584312228582169
15039090240295505870934835996769
22817688106454146549886584729847
12450585997572976366136090040881
86677046622308204864909027196113
9187446855604620725192605938589
16147986215623230832563867185101
43610453243941466005531460971067
9561102310096174061727569023403
66781201484596438639338738961243
8575508500926795093207186539443
91717856901401154003605217956339
40694012779410485338319622209197
16369223227384323569812333487293
6676586903055859014094880456837
18171750665616955118725038525469
12387816948490367826428369436373
13337955775434621754009291159883
22594740713879602618956010783489
61723507435473086572958097619921
32769795931087418154125100721189
7961406497052827126244856367951
31290752570675105196612334245577
7118296563640584284698166172719
23482327886593380668395961693893
13133047145458549790498239297633
21231406885477107422540385542221
82013454200661856196910091944349
60320877003262990390118233786789
63076882106519252179178334128519
64195700806543519142864541293683
12377185530385938377005507086979
6153373290583833718024726480777
42534261681754042046123187055417
22696742189015827771332159770413
37705474003236324693894315564719
59080933526108372504082416124421
74472192226571829654541616466083
49964127802765584396677573900819
24752881567297518874635285481681
51726291493317324303830510670419
16622322988934381357699137320283
79317233603197754486404632553711
66122647171191498516222345386449
53925728473526633135128171456493
13109067559102966261230345291929
19232535745313372917078815151711
5691518539781137498887647131919
15302052272656307486580250805089
43433238313830845567430097424911
2705124273439405258299486299339
35833394247810782702234725003981
9114979208231269037985846353777
19332951957124852003708560951343
44633547258290731876216595154181
10675180584862086590004366975427
8825554816743387267946644257969
19129124431219855697700958218179
7107521080261059887140890122753
20881788132338174554905824276657
10698142603746819892634188349713
33388109155218930839648441007287
48990334558749216886126384305931
16889883848160069481524502984087
23564450078247348347548826252153
3456389577035855389552773552767
17161711115778719031204880714543
2008536120100586383950774619153
22186460582147633081654541954173
8896479377779861582413952197103
41528020398093328647929253821183
8906981436168421519647015060139
18976104630297916336329922356829
12589443145928632149558849764639
72128138143993674660790803418261
26813960297047620385736703194639
12361172710904353196781695488633
10100653993328588738811681606539
22997910104184892795467960116119
59427974916173372517280304977387
11216789733287897932572564658223
5650346556306697071455488440283
40184215579260456801722364686663
32277991110743302304420289440141
32771008819983969442682941246117
37826425112377576351788517223047
29074963513554566963246088908261
31829103802919511620390616134099
20360804251040091447027843447047
32325261556014416991478052432789
33920932083222587727780395124737
12782754214515196830972037153979
20585008970387624156171137964753
35829803245796583409288397568811
13969727821394302774660640012329
16713756943189507795051183886939
7799153975340651644776102116259
7411507646066039186871571966649
23258103689651924205287873620607
11927341914994644342124428898183
40223883901086202404328681718867
34978414812559739554448330792969
19945442632941236141426376051739
20241239348411907328130712162217
39326326413516788143440977924801
82875076311783197327288654810929
28296592393884819611377103823859
7151086090054936167258925098631
4980278113501972407751488255629
33687603185978393547942587308073
5394800194054081239700447713679
27876951513077794823257117904921
51941874037756444162236079817209
6329297548926520182992682042623
22799008322522360746632801566653
5663329731627176044434077227823
11976173713462888440657111073741
23072201611348344710546780849929
35080335579442223009358474213479
13902695334762798895565714039687
27262948105692377102742882057941
32078209679708603610118779718249
48142459856040179556446052521881
6629088778525716573485394118417
23305324755080071952039403822709
33054265682108568933133333943833
35736705868826720311051274978213
56750397899369053912694861152231
11689947328564321575144391493833
7584152452741480283547223426073
3969041422077793720266745961683
38364610630261470545003206180543
3285990763912895074174832322749
4980496724416301803465163854549
38038964734926333643236106509379
7522140480008895775001602948309
47892643811904339174019121560429
44590366350742131280039086525617
4177076052603389549763217764959
9917305389778030597340411325383
2673359220641807698502099923097
12583930156652309833740600147407
19410711802825334220725195285473
6419444185549863902678489337739
17126669952205006251213701821139
14900144480638023643834732797503
15842465869740226353316405593191
37240063378068502038201956724349
16522123654419424250457941613719
67757209010265154324042440448283
21080274256436261058139466800871
39921835031187753840127383184193
15744915151514921516821454888501
47012604412616229026616011829257
17830059070025680210035023576759
35166442534544107052617003146811
11877215576494814883179836464853
7382040236691561150692165446561
16495301499302725825888974578089
15896459837438445231878792295683
11265457022049903634716347543971
9868209602183258275884209075981
64046688573736877588556254735299
60171432165266545422643640205419
11359308486674338033657708937881
5423474635536430431637102605617
45340563123632988565577117396179
20268078457922529861155309274023
60851716877579675176454156858011
9827444934929348794070519454329
30882793860466403874602217340051
17703504243245886988458930164989
23213956926319352954582613373151
20354322909109539255439466418553
24880113876467258752770692574997
48938773851686702124980191541339
17936906911858740652696013472703
5513320772387784151248451321639
9902188294214871965106650848483
1393175534509673256027478366963
2628012749970622887179893365253
15244578034519112353436032811989
26386687943437483509806355245743
11366240650852970219233189705063
54127299668072741452983124160953
6309898616328315282796870435369
21956912094775701669748137763991
8457247161846989897439468897767
46939255944737989059919081021147
50462221243946609808911420758123
41637314611609181720008795291513
13800143077251677328457887999599
12931696472094074573021898104249
7968295607979474491811487417253
23971768397698436343894138664673
30038772100436599205991678487813
28056485517248563835761051332821
14258458861654160953727266322923
22808207827124086495055483989171
12014789943216333723302587181137
43085350293879176320118032738363
5159127513344142901699290468011
51871780337536836922983828888521
18991462860484264992035641679711
37516651788002324490429109343653
36330020603559222051665508586141
29061777395196608535098995283147
10447252573819750799643448810519
19147354294941898740707089455913
9703514994021079983202195880851
9316769906695299393682320812663
8310547246532926951099695447449
16439820738488407790311209094747
33031938782713385926864928420509
23151345514351907825220128735539
12166331353502215419245520910771
31920214804071355638305867489453
21568087641681925340762189263289
46413175582458347916306115143877
12084836448553864602518612249293
5683031819660526771373420563529
40594435829142683014033397450783
16001543523044318051271820541953
6860746726393507085206804488689
4566421374708028783046996511887
56695615014303213865558275055673
64686886102672912385332281860249
7589111467202491397783341414639
11056491487276239106369838379703
9549690699919606991237119553201
9300544310918008614151582190083
14068420008763721057520867307487
5267737590691447125702986432443
4065658602160644848075183322937
12831101360051847174308818285909
3173757866819295949547683790647
43233532444660405418669207331293
10163024653998000401077201719347
54111626773054413005060952497161
45430419400957683605453117517019
16511374523861766022881136399867
32099447180839292296424156138899
11938527007593213736236103003403
41987520429074579456838035592523
12361427608570713241376613133883
28843661051036856511328062345447
42614236363456658826977854536061
33032696016269393214076006388587
26801376026002154910417939561137
8855616445689398036132635459001
43515822722916007676866445379439
10732672942069489698223376676083
7072666421611685380498585927373
28690119903278422501596636277763
38858004925205132123248015686353
40205251858392723577276229605453
22085739152482555794760917113281
9527639952646198893278532258323
30658428065812903714919249394491
14562595015178080691456747445527
4372809760599820380910805145257
16835440931362972164402878647619
13846723228859012530609457512069
13823289976131891157285352191829
13160578004385895620765986335021
15340574516044489131955094695123
27543497961523232872633414885997
14259028991644991667169320984481
40856690672950574302366708118321
29758891861026416301962101648403
16238333689529059169777610098041
90984218498195140759276630983193
22806697482532311147643355277833
20951074931404627750728633072697
25847877808201613791810820169811
35991345331045874742844937905813
42033517844007633967118087455201
30559533513497301752709512506417
21121275979206724186599966089917
65477706522495790571425568732771
2577091827071555725247518880449
56609673260232005105673756580519
6970884684064598306729341051127
19940227028531179647289353546857
67003737784302042842260191735731
37096406302987955737495311565931
37178845207865505554830235420281
10646306844771405149852864423653
37525347526287866666703112006831
95911634525788368397051644812731
68087707158483486118838903439857
29658867601328770684748767624093
11070450635375538992364791126953
17118981029954642696186394354827
15694148884401770365031198168623
41782202358935910640670421825047
28318493653593394825563769011223
80011980219806086119767462037349
59906604769298025623524028820779
21406416187071234851801427173993
20427362864525001894817280339219
11532094828858204421989402981931
13335047629795624966338166389109
26601493421299010875098609069529
47458433066396830371346117023941
2768929645986274461227576153033
28725023443563416908722320863129
5057542826835248796717036356491
19245983255318887664558040463429
38501864940562800345294425642251
12805856446612848260609444607817
28381581965495430810231944463247
12489755878777453434278873647957
13086630403675725637999959848141
33658871834739230649651577674377
62861042184651566438738058749779
69368029790080957961932290920633
10157460742054950374864671735639
53471611389240260684116407157213
34999711611093338144654743906679
9803253399097775218970891848681
32594037718501282855356371704261
28239185942003414175239744208553
6768376070579111572309667804153
5782954784598515652494815225709
82040196595979778320763550996787
3265042415614305391165588512901
33927132320654861957301658576667
43490158854462316336019814992189
30485312305509346382326216076959
29472036698848950318346573285931
28048748009219605510320277229501
3709389560097206985966591677743
13717262303801351291763806212793
25096704239762511871535867379839
9282944444322206051126494758413
24979704504411747965600579229217
40871286244585550510444626605001
6443111680394734477751075909183
16327406835660427699418336260253
25595581896388726465087111051297
78071440096253928881395785925471
23455955767027197613833588339907
7535726608851106058558427447173
64463058688130167354908207767443
10208454116906247989681449964359
13305553568293833943953643064627
42838908874532000736454213883903
24138592699501589200916137776361
49398687200039120482836287041939
11151421172790411421246342096739
18234492452939341025834447392939
10496959895261201369165418211823
5523824202343546322996957102339
63416780663774967110109840825719
7161652871526706413352876005613
13542055973643946241336970073067
44204924006393891158369383021257
60796843527957190283774192014487
6533399749825716321420147150343
34611083181458511796473658858499
32637537988698247452633094358831
3836382882442126807731456129671
32923738040812701266359977921263
16847543182771869451875808442179
11311985153662222033694401236731
52249681001628672621537391457321
11116119233184823290028884013547
54948780970170988357681843575799
54373891727840504515771341409609
6503316329832868224571444883063
5273864971436029625743462069489
35987671400429165852518320662099
47856485478422094425553604030243
10757223681100177843845849295637
9747732003627936108291025076267
15075411526631414728541728850951
35406441212750738063577346907299
73616974914282988161463652017787
10222418926285144290074644203401
11975016672578158837147359686363
30641294873761616289890242742591
34102133121016261795102452475327
12044782937247861476368789526519
69282012128152891438865039911397
25034237896418126907230146211173
35869039437454988298200231330333
40255575035618141216531188381481
44087946287678185965140719145213
9549007279089522348411582128479
19137885502983404592134943859663
4919414754632175803616394811549
30485109818088321548310224982107
15140436708404725750843758809033
77455197084573525254657320355231
4401076791694425032748154991203
24052481025104688760096923706681
34350719661886508130454828518491
21402730050530085540621884937161
12580286078663416421487033859691
8975110611371100215949662527073
15067833884648203201380097956167
40049648743900361109436285701083
45373303269211041586461444532511
41398955593308353479202988803681
16419909175477633896038282405687
55586752953498887881194681295967
48685266532450825952462688488873
14607751657373479800054140288771
19220785376770545038041737269171
8266390507144618540108891546621
4725095378349519549185999065361
26607039747194698400303744614921
14094566709746581145032587908429
21461514754298312946066648383821
40649538834021206901639860079781
7405681923444223872943394336303
39715910638651391195419909629691
72156221918774143997218107977903
16022187601049270810422338641707
9607121728708492330707525385513
33474942684809264920728582129923
21291658576390966804709452665097
1624002719843301281048404960531
22675780474906056175413154270079
56326208603542659917618709502583
51808703143303873059895314501101
27938251725664181940128318293391
10615700065149210505198440349649
26151673108597880309250446416919
59414686124747432595215446706267
23201795705740297390564364270783
8043549296473473974620610537443
42715750199438545276945605720407
10410200611019836595760357843533
10348316274465771565413197511571
5995949208464808923670673311661
24655551367755020902183119048299
30655951745918526354880883787343
31477995619277923955728335383461
24956015563946243152039872427537
28149770867071845891341249446367
53050576697160781871560079058731
49532742903204705391850490717527
35965838850088590225598096011119
23673178249968078500276001798739
6670267413557697868916246983457
68391616595048602363786573484359
4872691917829716989833430195111
34709467474665534170978274237403
10210340801639967352257701479703
20787475500503555454861842803249
27718161156607506934648056382481
36821591274837806536902372437519
56762468270277819583137741485171
8592952006412440799341386576613
17811696749000252591667485201677
35131873554977034125259174348707
29217678959459990306306566055507
21123933930216318983939421767161
80378848712366201638077885903293
15876438927929099871125732319587
5632934850459575203267062659129
6935869236639306627920549131759
7338282799926331937862693632069
6155229206384609488579086466651
18614481365659296739928644904201
16756970650818854262777329301401
47757831225754025103778744218323
35557795196197511018541702608821
7410665279747203360565584615249
4379411777272468540999504675919
12051723533871872983885858544449
25328074737911289318746235646681
20276059400277735587299507936303
24405753490144383839592428020207
15255603157569425316267502482091
59945409431335863342322999085927
7448273458297884542627991653221
48502073667812956173574298452507
15381824931223355352646664303411
65586285580518300266101316747849
31841924222702039345002000443407
3101076490007077533662050924943
33715478467173022318193337129071
80841766350525095835072442725083
5680427079880686039972553972447
49458525215130019845207062280259
48416904551302912855904932852207
11608708227295123847541101034163
39873170760138246266875795258399
24324373271046692281181499317687
66099303250812683745577775157181
12743497204813984092045568706351
5180892021690418646778279007213
57269860702259629170146907945499
46399542779595966729901244483011
13398074190219031805544509125511
39017020370582612201163272486783
27618386850902610807230476594307
21333989599966722756404330871871
48348745740831201447284968636123
19273722521979523596208522573783
67629481560188747045760302797973
1554925944535345315732484989847
14181976179975286717783023900397
35455040537791841684633936889521
12535385081290122568459910010817
9028045576725083757975202278313
5141883346048117655470016368141
42118087243669217060884149451337
25298928461750741362594287816973
52014148634468305219787093435801
50101739678700663689146777677403
52670012432728946352734549878853
54381778954526949145753508104357
37215725178172780968768245875027
29317179401269845306690161671427
26929522057922738270903892118423
16905975813178984732127829990679
9419170444585236468027299404829
15514768348421760493559171828447
5484730834211513198297616399587
34867290152971757879188244490229
30532214664967144546407230517967
4141694946744973459268809128419
13080634824027411807096845010751
18043917187011308576351223853579
18968909744102297699644007348063
51049810520299051671400400669419
11106143023284321131909469504817
81413499155262924181827836790017
14166153842880830382861603642943
16819495464256096168976447683147
25730899078868266400070336705031
48612813877086567678390555770257
14256664129245342237422747472371
35078760174423265968684721556977
22259092447634373256535973178769
11849434897091600255676401136983
4114713715051667206342280631559
64605596323188417721586465496067
7120288302127122523443332060471
13802570553869781405833099750569
24116125479028391244092071989547
21069937425989761792541713817171
15594092464472242478437041390097
46206463914108055270302426070457
23356905707696073376901790746593
31937461872393200520576880667459
30747216609127572376624701007799
44711507702055526510072088259991
65309168762422621329785439373177
28438588180089002928295592729219
14782970295167221141944429766549
32372960441280444516364850245169
7824142352422510422742258279619
15048917016218189227679429067823
25111345232934472952744505782717
25816177747917159021822303860357
57829937700629235582852705000341
27891446668837188390128594158709
54043818881276511572144270059931
30523988146369844386426308923129
18798232196643495856196454976333
20744387253814119837515265149387
2019096384199125836585512018247
44799532631355166073406060406751
63101302030334296223095351413829
15402986312812943394248380109543
77928209206749481461239363752771
4039050230460989006361526108097
8681169035859555605570935845661
15335810036753171908631246269441
8806798745487779461222821241369
44367591788935167035857794334003
3286556828549823067331995631123
24261209423573854465524366997753
10335845486276037860521693556389
19915194100524345197158029286987
23047108321618932882532467330521
9200673456895809145771257800579
54462821406387741656897023950959
50206234681757035680131158168801
49470722749318028639951399002189
15284208005255026098653480678893
7027123517507827929339508514389
3657804080502348289632511335091
39120406250752535250872430382283
21576646491763432383311762082049
21591509448473383660304858960969
31427391901823960253128957594903
67462690115915064619988886167083
6901692567832089123546052712017
66067262970131075504472080382859
30174471226514321937372522008813
26900753308980714584462225720983
23238775796645290205665697701157
42183127546470023260824511526317
8983133907925519956170220696671
4466303706445147722843024009689
3508468532509349048880569953457
20101812326160440110479661083167
13935463048852082156982427622369
25646881369001273097747307577467
43058656984747195821859968464317
52904975197162526958718267832891
14250639751843239255875045883193
6647649543025024178225599376863
13959597080394137719068192706751
68072460962268234503294751831353
9268311573842027394332715045449
40995072896825951463061203305777
14477971430470673477424192897719
53060976261649400249731705460843
33723429368036753611710169028021
25399112063201413018669992111701
8811152578066908714624729216161
38783712269267643887796462798889
19128170879626025493970909151323
4303020344501019052154985065021
5919693277085097694829163890401
37904820119857222275157906780927
8573684769856525255678741458269
23428131050843829360207049674709
15170724794338124632471453048519
28172461090139298094122920745917
14234623615826681457602205421849
27041392678877209112530675880659
45909829394072622547097613864883
47058982379263204232032284123617
15068527361130499498013099972291
8003471716504066334000087178433
27772775354045232710383486098487
8711808213156003295194583984051
11050619469141313784001996638489
35171152772529310762913794542889
16597499840930974940348949416333
15402616114082519122286616820267
42958372445580170616076894154743
7529504755892053262492196286739
12006672166907090886760171760071
19807470902734571778353113316711
5095627198556524504321930102253
58780940413330866001956421066223
11513244572516990121568676685029
7565539637836275088778620954273
52978073335025531275524651790537
10522059290451444007045511355119
20725130059547491682265856993321
1925298701544328672823124047269
16332985018407931461331520690491
64528970630774751055474569718817
47474199466857923299826560530317
80819240429653925903685788259157
55677799356421428309580576630913
14260665410010435887426552737051
12242646939802897284571524360067
18073243341770527360240908457009
24216757178216850071243734009637
27632705368525806322263422370539
3667898446437748459554562100503
14080885892198814521919889936559
30704551163903637761189735650313
24714605434921344600183054862939
6572519633402210505773773859173
6551585763670836149317849237909
32815430734730858601737030305069
7539382778089091603042917627979
25836568507332182614097580106999
7640833134952671191266560533543
20702975906675514598975300942523
14578179141776066614987663137551
25919890702122090878059118048719
17964794109703741231634724579773
13162879483106700442776231357329
18077388458466110934773650344509
18272924772720863986104448697617
61529602739728543711494802082881
9889836387968523136546000805077
12928304306822345297947401217729
21213328265240565387216438928897
6117440132445149464540165394161
16582086753010394595339665043493
68352710600043647188286274180667
9498552762009080724838020584497
18874764694323837746484621286897
11730892587195304484596827303571
31915118686454318724795381080537
21540446281586664017966686732229
18075618777804540095312955991721
30306442534663408066137745559783
32646095665190615475896312958361
48821566659533281921925687953189
10307302392846883930143017946047
24069015798996212058740500572179
30889262975487064151803375351667
59569702162739783411069491864259
12559813617600779949352654403231
19206025173601494020463793812091
14294421050897840501050767965989
23947547919832279141631403823637
25996630215074255216042424737207
20132323861114541789034584656039
9777452120947243854796407688513
5104693312740981088988010806377
25966365828430805145684143320291
25165055103389900894646037702481
9297046164611561538532586820413
29584227098810447969429023646411
23664109350862683120588575839699
24371673508592408657894397456061
43746950437963462388755663353533
38184162338482603226301978734809
2311652287086902953902878872049
2962151841454371757247058059777
2224866140550819850909167474073
22711478511466751234268705261073
46405516217226539794893705439991
60003004964543021115025398757751
12762049023053494863218326881341
6078859286194676771053760357993
79538808995760386181682421364643
9805532876271915407792906646629
14826115400659042069325561754323
65238599164261407350536039082713
3480340646455092662440781310743
2402547949965422751617196869461
17586957360576986885807101291283
8223194047963318278383575060099
23896120410129929445973289261443
22706994369525657778478099948387
33032308630112743820298259891339
42686720134961900680208382274079
10719480597612922150030208390123
25798827218041836357780501994231
36833421477731445080571152312731
46044125587778111554860136162747
15389097944298963508508335632901
21313478336200495979012261901983
21014743840432791076224302863583
8124631689082844901861931730467
17744005956272902868090754787171
14581276711261124482723848920057
5880939839447792421844285058311
7225768842443911716106585958489
16021702697911068885665622743669
28017941164726886242843523702857
18352779150813925135726094882381
10775638402555193619105720409169
51161479044701919289524555481721
30946542275255424884396029809877
39036176283631729793109693148781
6807906898465129703633420139569
8606293137490384296453978555359
76821179992451955759877431533957
20376494427231906541322985529931
23259205472372201604732663599749
15904216706220329514604067307203
11792538889228873271271958652117
3297229148122693525981124865337
20990309430326412680298288343337
30712367663095557044498874825787
50451832079053569076225388879777
27059826830073148567709528950369
29259752531651354086295785601149
46971810654843786142607579434039
71447984538949265238556819196543
12413953302597518969005480309649
22868209072740448396010424552287
27181602661891414393131651942793
12836702591880247047379579926509
17133729907844756810723538847903
40235149872408682184855764366043
6750218937762246659096766806609
28347505032847796442601002198167
2669757443087826563092444830257
8988684958290730509808417691921
27121692583462365702378820820431
21059627278147967242438120725731
26110209751801907148152405142463
91502017885341974000160571249241
12400161972339097115305492830571
18679797941369624483241210199669
17738451287070292093639980674819
7523416898132918165521007418091
49585300937814203641719506678569
17524506119830174772732476260883
7558320140637030271521738123641
18372531912623728542258309152803
4775678832300876290462863841753
22995386232671700838430860410517
34073612059303056142871692939471
63240225849379874674643937551399
4131028143101877009361948441649
13680255769519724895100374101093
6925685854444004181715362316789
30635743341695098991874265431317
26021668844330007739410026700439
36136251846494665863302459933941
3532770520032454806506645656267
25579795745316229406689445798021
50083829555834106535827700248211
3300712256143836931950273395863
35903454939409545389286396454643
16682212687447186751637844519459
1399791709125709470395875788817
18567044254996585991168416450207
41318735657464928443648000924949
12362476343838674020956859798903
10725962886559990635186190668229
6905176846385037871624051584907
4727570070802516174380171824701
15400582904925237672835401418009
35698488795964000806482504970023
2740066484047237306758150398441
9264673881600099190828537859771
24930768895416709452221039873929
12014257595374413826090809312097
41077813615714536028470308189299
12515994179866956765020555324147
60073706446023597065840476551287
20596415331078921291006781688189
19469836670832412405153671674081
11716205976105245253616136414729
21472686867275303141862375121723
5372017335661813505175447122993
3698187452545848635299635824789
65293190668682087156748320344549
8391338113401079783115876153173
5045069767404383073784945394633
50778591058794486732657754126547
47178380565859307348854440368707
41051311810402535693945194430011
9700733464488727749481388835361
7513941455861866886287670179399
32989288890061250029818339775823
69826515580127922615846359873879
23486482958104772993314193644837
39568038777793766556861122057581
4186205091521994234524396270123
19458341568538804186797916694867
36774745873819798772293187785709
